0.0
0.0005163497472179106
0.0010449751759456331
0.001586168127822177
0.0021402273827198547
0.0027074588236936053
0.00328817560585182
0.0038826983292418963
0.004491355215845967
0.005114482290784519
0.005752423567827945
0.006405531239318433
0.007074165870607061
0.0077586965991134245
0.00845950133811771
0.009176966985397706
0.009911489636825945
0.010663474805044901
0.011433337643340962
0.012221503174840772
0.01302840652715648
0.013854493172609438
0.014700219174164976
0.015566051437214007
0.016452467967340494
0.01735995813421706
0.018289022941774452
0.019240175304794008
0.020213940332075808
0.02121085561633887
0.02223147153101342
0.023276351534089086
0.02434607247918678
0.025441224934025973
0.02656241350646323
0.027710257178281936
0.028885389646917566
0.030088459675307093
0.031320131450055716
0.03258108494811863
0.03387201631220027
0.0351936382350783
0.0365466803530645
0.03793188964881974
0.03935003086374554
0.04080188692017977
0.042288259353629586
0.04380996875528033
0.045367855225024546
0.04696277883526136
0.048595620105722145
0.05026728048958476
0.05197868287114454
0.053730772075317006
0.05552451538925342
0.05736090309635721
0.05924094902299612
0.061165691098211815
0.06313619192673607
0.06515353937562979
0.06721884717486874
0.06933325553220769
0.07149793176266216
0.07371407093295554
0.07598289652128731
0.07830566109278649
0.08068364699102326
0.08311816704596071
0.0856105652987373
0.08816221774368023
0.09077453308795956
0.09344895352930217
0.09618695555219516
0.09899005074301812
0.10185978662455436
0.10479774751034174
0.10780555537933484
0.11088487077136133
0.11403739370386683
0.11726486461045448
0.12056906530173733
0.12395181994903398
0.12741499609145052
0.13096050566690493
0.13459030606766287
0.13830640122096785
0.1421108426953622
0.14600573083330973
0.14999321591074524
0.15407549932419132
0.1582548348060973
0.16253352966907197
0.16691394607969634
0.17139850236262028
0.1759896743356624
0.18068999667665087
0.1855020643227592
0.19042853390310993
0.19547212520543691
0.20063562267761603
0.20579912014979515
0.21092929712728503
0.21602636863011274
0.22109054829076258
0.22612204836313002
0.2311210797314178
0.2360878519189747
0.24102257309707728
0.24592545009365488
0.25079668840195835
0.2556364921891729
0.2604450643049752
0.2652226062900356
0.2699693183844649
0.27468539953620746
0.2793710474093791
0.2840264583925523
0.288651827606987
0.2932473489148088
0.29781321492713436
0.30234961701214413
0.3068567453031032
0.3113347887063303
0.3157839349091154
0.3202043703875861
0.3245962804145236
0.3289598490671278
0.33329525923473247
0.33760269262647086
0.34188232977889144
0.3461343500635247
0.3503589316944013
0.35455625173552124
0.35872648610827534
0.36286980959881854
0.36698639586539555
0.3710764174456195
0.37514004576370336
0.37917745113764495
0.3831888027863653
0.3871742688368011
0.3911340163309516
0.3950682112328793
0.3989770184356666
0.4028606017683264
0.40671912400266896
0.41055274686012394
0.4143616310185187
0.41814593611881273
0.4219058207717886
0.4256414425646998
0.42935295806787577
0.43304052284128397
0.43670429144105005
0.4403444174259356
0.44396105336377434
0.4475543508378666
0.4511244604533325
0.45467153184342435
0.45819571367579826
0.4616971536587451
0.4651759985473813
0.46863239414979996
0.47206648533318196
0.47547841602986773
0.4788683292433899
0.48223636705446693
0.48558267062695826
0.4889073802137806
0.4922106351627867
0.4954925739226054
0.49875333404844463
0.5019930522078568
0.5052118641864668
0.5084099048936629
0.5115873083682518
0.5147442077840761
0.5178807354555961
0.5209970228434353
0.5240932005598907
0.5271693983744068
0.5302257452190146
0.5332623691937356
0.536279397571951
0.5392769568057356
0.5422551725311583
0.5452141695735474
0.5481540719527227
0.5510750028881934
0.5539770848043227
0.5568604393354585
0.5597251873310319
0.5625714488606225
0.5653993432189901
0.5682089889310753
0.571000503756967
0.5737740046968381
0.5765296079958495
0.5792674291490217
0.5819875829060762
0.5846901832762443
0.5873753435330461
0.5900431762190379
0.5926937931505291
0.5953273054222689
0.5979438234121023
0.6005434567855968
0.6031263145006386
0.6056925048119988
0.6082421352758716
0.6107753127543815
0.6132921434200626
0.6157927327603084
0.6182771855817935
0.6207456060148654
0.6231980975179099
0.6256347628816867
0.6280557042336382
0.6304610230421692
0.6328508201209003
0.6352251956328931
0.6375842490948483
0.6399280793812768
0.6422567847286437
0.6445704627394857
0.646869210386502
0.6491531240166185
0.6514222993550262
0.6536768315091929
0.65591681497285
0.6581423436299527
0.6603535107586148
0.6625504090350184
0.6647331305372982
0.6669017667494008
0.6690564085649191
0.6711971462909015
0.6733240696516375
0.6754372677924179
0.6775368292832712
0.6796228421226761
0.6816953937412492
0.68375457100541
0.6858004602210216
0.6878331471370075
0.6898527169489465
0.6918592543026425
0.6938528432976732
0.6958335674909141
0.6978015099000412
0.6997567530070101
0.7016993787615134
0.7036294685844152
0.7055471033711636
0.7074523634951815
0.7093453288112352
0.7112260786587814
0.7130946918652922
0.7149512467495592
0.7167958211249765
0.7186284923028012
0.7204493370953945
0.7222584318194405
0.7240558522991454
0.7258416738694151
0.727615971379013
0.729378819193697
0.731130291199336
0.7328704608050075
0.7345994009460735
0.736317184087238
0.738023882225584
0.7397195668935911
0.7414043091621336
0.7430781796434593
0.7447412484941492
0.7463935854180578
0.7480352596692345
0.7496663400548262
0.7512868949379619
0.7528969922406168
0.7544966994464601
0.7560860836036831
0.7576652113278091
0.7592341488044857
0.7607929617922591
0.7623417156253296
0.7638804752162903
0.765409305058848
0.7669282692305257
0.768437431395349
0.7699368548065137
0.7714266023090375
0.7729067363423936
0.774377318943128
0.7758384117474595
0.777290075993863
0.7787323725256364
0.7801653617934504
0.7815891038578824
0.7830036583919335
0.7844090846835301
0.7858054416380083
0.7871927877805829
0.7885711812588008
0.7899406798449773
0.7913013409386183
0.7926532215688256
0.7939963783966872
0.7953308677176525
0.7966567454638912
0.7979740672066381
0.7992828881585219
0.8005832631758794
0.8018752467610548
0.8031588930646841
0.8044342558879645
0.8057013886849091
0.8069603445645882
0.8082111762933543
0.8094539362970541
0.8106886766632261
0.811915449143283
0.8131343051546813
0.8143452957830766
0.8155484717844638
0.8167438835873052
0.8179315812946439
0.8191116146862039
0.820284033220476
0.8214488860367914
0.8226062219573809
0.823756089489421
0.8248985368270675
0.8260336118534749
0.8271613621428038
0.8282818349622145
0.8293950772738483
0.8305011357367957
0.8316000567090522
0.832691886249461
0.8337766701196435
0.8348544537859177
0.8359252824212033
0.8369892009069155
0.8380462538348455
0.8390964855090303
0.8401399399476085
0.8411766608846665
0.8422066917720703
0.8432300757812877
0.8442468558051972
0.8452570744598856
0.8462607740864347
0.8472579967526955
0.8482487842550516
0.8492331781201707
0.8502112196067458
0.8511829497072236
0.8521484091495232
0.8531076383987427
0.8540606776588557
0.8550075668743959
0.8559483457321316
0.856883053662729
0.8578117298424045
0.8587344131945673
0.8596511423914506
0.8605619558557318
0.861466891762144
0.8623659880390752
0.8632592823701581
0.8641468121958502
0.8650286147150019
0.8659047268864165
0.8667751854303989
0.8676400268302946
0.8684992873340193
0.8693530029555773
0.8702012094765716
0.8710439424477037
0.8718812371902628
0.8727131287976072
0.8735396521366348
0.8743608418492439
0.8751767323537862
0.8759873578465085
0.8767927523029863
0.8775929494795478
0.8783879829146888
0.8791778859304782
0.8799626916339547
0.8807424329185144
0.8815171424652896
0.8822868527445182
0.8830515960169052
0.8838114043349742
0.8845663095444112
0.8853163432853992
0.8860615369939445
0.8868019219031941
0.8875375290447446
0.8882683892499432
0.8889945331511798
0.8897159911831708
0.8904327935842347
0.8911449703975595
0.891852551472462
0.8925555664656388
0.8932540448424093
0.8939480158779505
0.8946375086585242
0.8953225520826962
0.8960031748625471
0.8966794055248762
0.8973512724123969
0.8980188036849244
0.8986820273205562
0.8993409711168452
0.8999956626919636
0.9006461294858618
0.9012923987614172
0.9019344976055781
0.9025724529304979
0.9032062914746639
0.9038360398040175
0.9044617243130677
0.9050833712259976
0.9057010065977633
0.906314656315186
0.9069243460980372
0.9075301015001161
0.9081319479103216
0.9087299105537153
0.9093240144925796
0.9099142846274677
0.9105007456982475
0.9110834222851382
0.911662338809741
0.9122375195360622
0.9128089885715305
0.9133767698680071
0.91394088722279
0.9145013642796109
0.9150582245296268
0.915611491312404
0.9161611878168967
0.9167073370824187
0.9172499619996091
0.9177890853113917
0.9183247296139283
0.9188569173575658
0.919385670847777
0.9199110122460956
0.920432963571045
0.920951546699061
0.9214667833654091
0.9219786951650951
0.9224873035537706
0.9229926298486317
0.923494695229313
0.9239935207387752
0.9244891272841865
0.9249815356378
0.925470766437823
0.9259568401892833
0.9264397772648874
0.9269195979058753
0.9273963222228685
0.9278699701967128
0.928340561679316
0.9288081163944799
0.9292726539387267
0.9297341937821206
0.930192755269084
0.9306483576192077
0.9311010199280572
0.9315507611679724
0.9319976001888632
0.9324415557189994
0.9328826463657957
0.9333208906165913
0.9337563068394252
0.9341889132838059
0.9346187280814763
0.9350457692471732
0.9354700546793833
0.9358916021610924
0.9363104293605312
0.9367265538319162
0.9371399930161844
0.9375507642417256
0.9379588847251074
0.9383643715717976
0.9387672417768812
0.9391675122257722
0.9395651996949216
0.9399603208525205
0.9403528922591987
0.940742930368719
0.9411304515286665
0.9415154719811338
0.9418980078634023
0.9422780752086176
0.9426556899464625
0.9430308679038238
0.9434036248054564
0.9437739762746415
0.9441419378338426
0.9445075249053547
0.9448707528119519
0.9452316367775289
0.9455901919277393
0.9459464332906297
0.9463003757972691
0.9466520342823754
0.9470014234849367
0.9473485580488288
0.9476934525234297
0.9480361213642289
0.9483765789334333
0.9487148395005692
0.9490509172430807
0.9493848262469232
0.9497165805071547
0.9500461939285215
0.9503736803260415
0.9506990534255831
0.9510223268644405
0.9513435141919053
0.9516626288698342
0.9519796842732136
0.9522946936907197
0.952607670325276
0.9529186272946062
0.9532275776317842
0.9535345342857805
0.9538395101220046
0.9541425179228447
0.9544435703882026
0.9547426801360271
0.9550398597028421
0.955335121544272
0.9556284780355643
0.9559199414721078
0.9562095240699481
0.9564972379662996
0.9567830952200543
0.9570671078122871
0.9573492876467579
0.9576296465504106
0.957908196273869
0.958184948491929
0.9584599148040479
0.9587331067348309
0.9590045357345138
0.9592742131794432
0.9595421503725529
0.9598083585438382
0.960072848850826
0.9603356323790428
0.9605967201424794
0.9608561230840521
0.9611138520760618
0.9613699179206495
0.961624331350249
0.9618771030280368
0.9621282435483789
0.9623777634372751
0.9626256731527999
0.962871983085541
0.9631167035590348
0.9633598448301989
0.9636014170897622
0.963841430462692
0.9640798950086181
0.9643168207222549
0.9645522175338198
0.9647860953094499
0.9650184638516152
0.9652493328995293
0.9654787121295582
0.965706611155625
0.9659330395296137
0.9661580067417691
0.9663815222210945
0.9666035953357471
0.9668242353934307
0.9670434516417854
0.9672612532687757
0.9674776494030753
0.96769264911445
0.967906261414137
0.968118495255224
0.9683293595330231
0.9685388630854445
0.9687470146933662
0.968953823081003
0.9691592969162711
0.9693634448111522
0.969566275322054
0.9697677969501689
0.9699680181418305
0.9701669472888674
0.9703645927289551
0.9705609627459653
0.970756065570313
0.970949909379302
0.971142502297467
0.9713338523969143
0.9715239676976604
0.9717128561679678
0.9719005257246792
0.9720869842335492
0.9722722395095741
0.9724562993173191
0.9726391713712442
0.9728208633360274
0.9730013828268855
0.9731807374098942
0.9733589346023042
0.9735359818728568
0.9737118866420972
0.9738866562826848
0.9740602981197026
0.9742328194309646
0.97440422744732
0.974574529352957
0.9747437322857034
0.9749118433373262
0.9750788695538284
0.9752448179357447
0.9754096954384346
0.9755735089723742
0.9757362654034456
0.9758979715532249
0.9760586341992677
0.9762182600753939
0.9763768558719691
0.9765344282361854
0.9766909837723403
0.976846529042113
0.9770010705648395
0.9771546148177862
0.9773071682364209
0.9774587372146831
0.9776093281052514
0.9777589472198099
0.9779076008293133
0.9780552951642488
0.9782020364148981
0.9783478307315963
0.9784926842249898
0.9786366029662926
0.9787795929875407
0.9789216602818446
0.9790628108036409
0.9792030504689417
0.9793423851555827
0.9794808207034691
0.9796183629148209
0.9797550175544157
0.979890790349831
0.980025686991683
0.9801597131338665
0.9802928743937908
0.9804251763526157
0.9805566245554855
0.980687224511761
0.9808169816952507
0.9809459015444398
0.9810739894627192
0.9812012508186105
0.9813276909459924
0.9814533151443231
0.9815781286788633
0.9817021367808962
0.9818253446479475
0.9819477574440024
0.9820693802997228
0.9821902183126617
0.9823102765474774
0.9824295600361452
0.9825480737781691
0.9826658227407904
0.9827828118591967
0.9828990460367282
0.9830145301450834
0.9831292690245237
0.9832432674840753
0.9833565303017318
0.9834690622246537
0.9835808679693678
0.9836919522219649
0.9838023196382958
0.9839119748441666
0.9840209224355331
0.9841291669786926
0.9842367130104758
0.9843435650384369
0.9844497275410425
0.9845552049678593
0.9846600017397403
0.9847641222490107
0.9848675708596513
0.984970351907482
0.9850724697003431
0.9851739285182763
0.9852747326137037
0.985374886211606
0.9854743935096998
0.9855732586786137
0.9856714858620625
0.9857690791770217
0.9858660427138992
0.9859623805367073
0.9860580966832329
0.9861531951652066
0.9862476799684712
0.9863415550531482
0.9864348243538045
0.9865274917796163
0.9866195612145341
0.9867110365174447
0.9868019215223334
0.9868922200384439
0.9869819358504391
0.987071072718559
0.9871596343787782
0.987247624542963
0.9873350468990266
0.9874219051110839
0.9875082028196047
0.9875939436415668
0.9876791311706071
0.9877637689771727
0.9878478606086699
0.9879314095896138
0.9880144194217751
0.9880968935843275
0.9881788355339932
0.9882602487051878
0.9883411365101644
0.9884215023391566
0.9885013495605205
0.9885806815208757
0.9886595015452462
0.9887378129371988
0.9888156189789825
0.9888929229316655
0.9889697280352723
0.9890460375089187
0.9891218545509478
0.9891971823390633
0.9892720240304629
0.9893463827619706
0.9894202616501683
0.9894936637915263
0.989566592262533
0.9896390501198241
0.9897110404003105
0.9897825661213058
0.9898536302806522
0.9899242358568471
0.989994385809167
0.990064083077792
0.9901333305839293
0.9902021312299348
0.9902704878994356
0.9903384034574504
0.9904058807505096
0.9904729226067749
0.9905395318361574
0.9906057112304357
0.9906714635633729
0.9907367915908325
0.9908016980508945
0.9908661856639697
0.9909302571329137
0.9909939151431406
0.9910571623627352
0.9911200014425648
0.9911824350163907
0.9912444657009779
0.9913060960962056
0.9913673287851754
0.9914281663343202
0.9914886112935113
0.9915486661961657
0.9916083335593517
0.9916676158838952
0.9917265156544834
0.9917850353397704
0.9918431773924791
0.9919009442495053
0.991958338332019
0.9920153620455663
0.9920720177801702
0.9921283079104304
0.9921842347956235
0.992239800779801
0.9922950081918885
0.9923498593457826
0.992404356540448
0.9924585020600143
0.9925122981738712
0.9925657471367639
0.9926188511888876
0.9926716125559811
0.9927240334494206
0.992776116066312
0.9928278625895829
0.9928792751880745
0.9929303560166322
0.9929811072161959
0.9930315309138902
0.9930816292231127
0.9931314042436235
0.9931808580616323
0.9932299927498867
0.9932788103677584
0.9933273129613301
0.9933755025634808
0.993423381193971
0.9934709508595277
0.9935182135539283
0.9935651712580842
0.9936118259401236
0.9936581795554746
0.9937042340469464
0.9937499913448112
0.993795453366885
0.9938406220186079
0.9938854991931242
0.9939300867713613
0.9939743866221091
0.9940184006020979
0.9940621305560763
0.9941055783168887
0.994148745705552
0.9941916345313319
0.9942342465918185
0.9942765836730023
0.9943186475493484
0.9943604399838712
0.9944019627282082
0.9944432175226935
0.9944842060964305
0.9945249301673648
0.9945653914423557
0.9946055916172482
0.9946455323769435
0.9946852153954706
0.9947246423360553
0.9947638148511907
0.9948027345827062
0.9948414031618362
0.9948798222092888
0.9949179933353135
0.9949559181397686
0.9949935982121884
0.9950310351318499
0.9950682304678388
0.9951051857791153
0.9951419026145798
0.9951783825131371
0.9952146270037615
0.9952506376055608
0.9952864158278397
0.9953219631701634
0.9953572811224201
0.9953923711648837
0.9954272347682757
0.995461873393827
0.995496288493339
0.9955304815092446
0.9955644538746684
0.995598207013487
0.9956317423403886
0.9956650612609325
0.9956981651716073
0.9957310554598903
0.9957637335043052
0.9957962006744802
0.9958284583312047
0.9958605078264873
0.9958923505036116
0.995923987697193
0.9959554207332347
0.9959866509291828
0.9960176795939819
0.9960485080281299
0.9960791375237326
0.9961095693645574
0.9961398048260878
0.9961698451755762
0.9961996916720975
0.9962293455666017
0.9962588081019661
0.9962880805130478
0.9963171640267352
0.9963460598619995
0.9963747692299457
0.9964032933338636
0.9964316333692778
0.9964597905239984
0.9964877659781701
0.9965155609043225
0.9965431764674182
0.9965706138249026
0.9965978741267519
0.9966249585155215
0.9966518681263934
0.9966786040872246
0.996705167518594
0.9967315595338487
0.996757781239152
0.9967838337335286
0.9968097181089112
0.9968354354501862
0.9968609868352389
0.9968863733349995
0.9969115960134868
0.9969366559278535
0.9969615541284308
0.9969862916587715
0.9970108695556946
0.9970352888493283
0.9970595505631533
0.9970836557140458
0.9971076053123198
0.9971314003617697
0.9971550418597126
0.9971785307970294
0.9972018681582072
0.9972250549213798
0.9972480920583691
0.9972709805347257
0.9972937213097697
0.9973163153366302
0.997338763562286
0.9973610669276048
0.997383226367383
0.9974052428103843
0.9974271171793794
0.997448850391184
0.9974704433566978
0.9974918969809421
0.9975132121630982
0.9975343897965447
0.9975554307688954
0.9975763359620362
0.9975971062521619
0.9976177425098134
0.9976382455999138
0.9976586163818048
0.9976788557092826
0.9976989644306341
0.9977189433886717
0.9977387934207693
0.9977585153588971
0.9977781100296567
0.9977975782543151
0.9978169208488402
0.9978361386239339
0.9978552323850669
0.9978742029325119
0.9978930510613775
0.9979117775616413
0.9979303832181832
0.9979488688108181
0.9979672351143289
0.9979854828984985
0.9980036129281424
0.9980216259631408
0.9980395227584703
0.9980573040642353
0.9980749706257002
0.9980925231833195
0.9981099624727702
0.9981272892249814
0.9981445041661656
0.9981616080178491
0.9981786014969021
0.9981954853155685
0.9982122601814962
0.9982289267977669
0.9982454858629247
0.9982619380710065
0.9982782841115699
0.9982945246697233
0.9983106604261538
0.9983266920571559
0.9983426202346598
0.9983584456262601
0.998374168895243
0.9983897907006145
0.9984053116971281
0.998420732535312
0.9984360538614968
0.9984512763178417
0.9984664005423625
0.9984814271689575
0.9984963568274347
0.9985111901435375
0.9985259277389718
0.9985405702314311
0.9985551182346233
0.9985695723582957
0.9985839332082609
0.9985982013864223
0.998612377490799
0.9986264621155511
0.9986404558510044
0.9986543592836754
0.9986681729962958
0.9986818975678369
0.9986955335735337
0.9987090815849092
0.9987225421697984
0.9987359158923719
0.9987492033131598
0.9987624049890749
0.9987755214734363
0.9987885533159925
0.9988015010629443
0.9988143652569679
0.9988271464372375
0.9988398451394481
0.9988524618958378
0.9988649972352098
0.9988774516829554
0.9988898257610751
0.9989021199882011
0.9989143348796187
0.998926470947288
0.9989385286998657
0.9989505086427256
0.9989624112779807
0.9989742371045035
0.9989859866179475
0.9989976603107674
0.9990092586722403
0.999020782188486
0.9990322313424871
0.9990436066141096
0.9990549084801229
0.9990661374142197
0.9990772938870359
0.9990883783661705
0.9990993913162048
0.9991103331987224
0.9991212044723281
0.9991320055926672
0.9991427370124449
0.9991533991814449
0.9991639925465483
0.9991745175517528
0.9991849746381906
0.9991953642441473
0.9992056868050805
0.9992159427536373
0.9992261325196733
0.9992362565302698
0.9992463152097525
0.9992563089797086
0.999266238259005
0.9992761034638054
0.999285905007588
0.9992956433011628
0.9993053187526891
0.9993149317676919
0.9993244827490795
0.9993339720971601
0.9993434002096588
0.9993527674817342
0.9993620743059946
0.999371321072515
0.9993805081688534
0.9993896359800664
0.9993987048887261
0.9994077152749358
0.9994166675163458
0.9994255619881697
0.9994343990631994
0.9994431791118216
0.9994519025020324
0.9994605695994536
0.9994691807673474
0.9994777363666317
0.9994862367558958
0.9994946822914145
0.9995030733271638
0.9995114102148355
0.9995196933038517
0.9995279229413798
0.9995360994723469
0.9995442232394542
0.9995522945831915
0.9995603138418512
0.9995682813515429
0.9995761974462071
0.9995840624576294
0.9995918767154545
0.9995996405471996
0.9996073542782686
0.9996150182319655
0.999622632729508
0.9996301980900408
0.9996377146306494
0.9996451826663729
0.9996526025102176
0.9996599744731698
0.999667298864209
0.9996745759903208
0.99968180615651
0.999688989665813
0.9996961268193106
0.999703217916141
0.9997102632535118
0.9997172631267125
0.9997242178291276
0.9997311276522479
0.9997379928856834
0.9997448138171753
0.9997515907326078
0.9997583239160203
0.9997650136496192
0.9997716602137902
0.999778263887109
0.9997848249463541
0.9997913436665179
0.999797820320818
0.9998042551807091
0.9998106485158942
0.9998170005943356
0.9998233116822669
0.9998295820442032
0.999835811942953
0.9998420016396287
0.9998481513936576
0.9998542614627931
0.9998603321031254
0.9998663635690919
0.999872356113488
0.9998783099874782
0.9998842254406057
0.9998901027208039
0.9998959420744059
0.9999017437461553
0.9999075079792162
0.9999132350151839
0.9999189250940944
0.9999245784544348
0.9999301953331532
0.9999357759656685
0.9999413205858807
0.9999468294261803
0.9999523027174582
0.9999577406891151
0.9999631435690719
0.9999685115837781
0.9999738449582223
0.999979143915941
0.9999844086790284
0.9999896394681453
0.9999948365025287
1.0000000000000009
