  4.3276388306E+009  6.2108631132E-005  2.8627695544E+028
  6.1686893404E+009  1.5724624770E-004  5.7425787189E+028
  7.5024813855E+009  2.2634954679E-004  8.6395289156E+028
  8.5413064214E+009  3.0045437558E-004  1.1553722170E+029
  9.3833640290E+009  3.8114208839E-004  1.4485261116E+029
  1.0107869937E+010  4.5392270078E-004  1.7434248997E+029
  1.0738277566E+010  5.3330332890E-004  2.0400789672E+029
  1.1296736713E+010  6.1427901758E-004  2.3384987617E+029
  1.1792973763E+010  7.0431734865E-004  2.6386947931E+029
  1.2239854593E+010  7.9581456201E-004  2.9406776338E+029
  1.2653345438E+010  8.7432452376E-004  3.2444579191E+029
  1.3037354102E+010  9.5635885614E-004  3.5500463478E+029
  1.3395587992E+010  1.0407420647E-003  3.8574536821E+029
  1.3730404859E+010  1.1298053475E-003  4.1666907484E+029
  1.4045149794E+010  1.2188050630E-003  4.4777684375E+029
  1.4342921545E+010  1.3058841956E-003  4.7906977051E+029
  1.4624873889E+010  1.3974674440E-003  5.1054895720E+029
  1.4890062519E+010  1.5049606210E-003  5.4221551247E+029
  1.5140606257E+010  1.6128618021E-003  5.7407055157E+029
  1.5381365393E+010  1.6989219133E-003  6.0611519637E+029
  1.5613200072E+010  1.7854942665E-003  6.3835057544E+029
  1.5836860896E+010  1.8725819105E-003  6.7077782405E+029
  1.6053076312E+010  1.9595602362E-003  7.0339808424E+029
  1.6262442067E+010  2.0468285809E-003  7.3621250484E+029
  1.6465463545E+010  2.1346163591E-003  7.6922224152E+029
  1.6662393273E+010  2.2251627262E-003  8.0242845682E+029
  1.6853489326E+010  2.3183098080E-003  8.3583232023E+029
  1.7039156929E+010  2.4120113144E-003  8.6943500817E+029
  1.7219758893E+010  2.5062899986E-003  9.0323770406E+029
  1.7395622453E+010  2.6011523641E-003  9.3724159839E+029
  1.7567045424E+010  2.6965793638E-003  9.7144788872E+029
  1.7734279355E+010  2.7928904153E-003  1.0058577797E+030
  1.7897468835E+010  2.8916095782E-003  1.0404724833E+030
  1.8056851248E+010  2.9909163315E-003  1.0752932185E+030
  1.8212643653E+010  3.0908141728E-003  1.1103212116E+030
  1.8365070102E+010  3.1907832102E-003  1.1455576963E+030
  1.8514323179E+010  3.2910834062E-003  1.1810039136E+030
  1.8660568277E+010  3.3919806031E-003  1.2166611117E+030
  1.8803958223E+010  3.4934783544E-003  1.2525305466E+030
  1.8944681981E+010  3.5943700215E-003  1.2886134814E+030
  1.9082880251E+010  3.6955080602E-003  1.3249111869E+030
  1.9218670564E+010  3.7972480869E-003  1.3614249416E+030
  1.9352162496E+010  3.8995936847E-003  1.3981560313E+030
  1.9483637900E+010  3.9970927804E-003  1.4351057496E+030
  1.9613282092E+010  4.0919506697E-003  1.4722753979E+030
  1.9741166688E+010  4.1873731666E-003  1.5096662852E+030
  1.9867359276E+010  4.2833636317E-003  1.5472797284E+030
  1.9991876833E+010  4.3815718563E-003  1.5851170521E+030
  2.0114596208E+010  4.4871570840E-003  1.6231795889E+030
  2.0235588727E+010  4.5933707700E-003  1.6614686793E+030
  2.0354921631E+010  4.7002166548E-003  1.6999856718E+030
  2.0472495287E+010  4.8143572260E-003  1.7387319229E+030
  2.0588147475E+010  4.9390710101E-003  1.7777087972E+030
  2.0701960244E+010  5.0645271083E-003  1.8169176674E+030
  2.0814010548E+010  5.1907299391E-003  1.8563599143E+030
  2.0924538789E+010  5.3096073296E-003  1.8960369271E+030
  2.1033826236E+010  5.4180771383E-003  1.9359501031E+030
  2.1141914399E+010  5.5271925746E-003  1.9761008479E+030
  2.1248842815E+010  5.6369574814E-003  2.0164905757E+030
  2.1354649169E+010  5.7473757245E-003  2.0571207088E+030
  2.1459369152E+010  5.8584658281E-003  2.0979926783E+030
  2.1563034939E+010  5.9703414515E-003  2.1391079235E+030
  2.1665679439E+010  6.0828829744E-003  2.1804678924E+030
  2.1767334112E+010  6.1960943604E-003  2.2220740418E+030
  2.1868029059E+010  6.3099795966E-003  2.2639278369E+030
  2.1967793095E+010  6.4245426939E-003  2.3060307517E+030
  2.2065926355E+010  6.5882013565E-003  2.3483842690E+030
  2.2162434291E+010  6.7572337137E-003  2.3909898804E+030
  2.2257385607E+010  6.9272721754E-003  2.4338490865E+030
  2.2350844772E+010  7.0983227302E-003  2.4769633966E+030
  2.2442872361E+010  7.2703914021E-003  2.5203343292E+030
  2.2534349692E+010  7.3764942322E-003  2.5639634117E+030
  2.2625488438E+010  7.4669652099E-003  2.6078521808E+030
  2.2716296159E+010  7.5579746837E-003  2.6520021820E+030
  2.2806780233E+010  7.6495258588E-003  2.6964149703E+030
  2.2896947865E+010  7.7416219594E-003  2.7410921097E+030
  2.2986806091E+010  7.8342662291E-003  2.7860351739E+030
  2.3076361781E+010  7.9274619306E-003  2.8312457455E+030
  2.3165621652E+010  8.0212123461E-003  2.8767254168E+030
  2.3254592264E+010  8.1155207774E-003  2.9224757896E+030
  2.3343083532E+010  8.2285995916E-003  2.9684984751E+030
  2.3430776397E+010  8.3737305226E-003  3.0147950942E+030
  2.3517693697E+010  8.5197252935E-003  3.0613672773E+030
  2.3603857352E+010  8.6665890460E-003  3.1082166646E+030
  2.3689288417E+010  8.8143269524E-003  3.1553449061E+030
  2.3774113392E+010  8.9517291403E-003  3.2027536615E+030
  2.3858367487E+010  9.0878123259E-003  3.2504446006E+030
  2.3942064864E+010  9.2247054979E-003  3.2984194030E+030
  2.4025219212E+010  9.3624134774E-003  3.3466797581E+030
  2.4107843774E+010  9.5009411144E-003  3.3952273657E+030
  2.4189919562E+010  9.6440236485E-003  3.4440639356E+030
  2.4271358699E+010  9.8001235312E-003  3.4931911876E+030
  2.4352177855E+010  9.9571525425E-003  3.5426108520E+030
  2.4432393100E+010  1.0115116213E-002  3.5923246693E+030
  2.4512019930E+010  1.0274020105E-002  3.6423343902E+030
  2.4591073297E+010  1.0433869816E-002  3.6926417761E+030
  2.4669665365E+010  1.0581510801E-002  3.7432485987E+030
  2.4747929909E+010  1.0713173509E-002  3.7941566402E+030
  2.4825873906E+010  1.0845619892E-002  3.8453676936E+030
  2.4903504158E+010  1.0978854614E-002  3.8968835625E+030
  2.4980827300E+010  1.1112882369E-002  3.9487060611E+030
  2.5057849803E+010  1.1247707876E-002  4.0008370146E+030
  2.5134577985E+010  1.1383335883E-002  4.0532782589E+030
  2.5210972853E+010  1.1526572625E-002  4.1060316409E+030
  2.5286846280E+010  1.1700657899E-002  4.1590990185E+030
  2.5362210990E+010  1.1875779353E-002  4.2124822607E+030
  2.5437079287E+010  1.2051943155E-002  4.2661832474E+030
  2.5511463071E+010  1.2229155509E-002  4.3202038701E+030
  2.5585373861E+010  1.2407422656E-002  4.3745460312E+030
  2.5658868648E+010  1.2578908334E-002  4.4292116445E+030
  2.5732082955E+010  1.2729465759E-002  4.4842026353E+030
  2.5805022559E+010  1.2880919324E-002  4.5395209402E+030
  2.5877693099E+010  1.3033274362E-002  4.5951685075E+030
  2.5950100082E+010  1.3186536239E-002  4.6511472971E+030
  2.6022248888E+010  1.3340710352E-002  4.7074592803E+030
  2.6094144773E+010  1.3495802131E-002  4.7641064404E+030
  2.6165792876E+010  1.3651817038E-002  4.8210907725E+030
  2.6237177442E+010  1.3812775062E-002  4.8784142834E+030
  2.6308276566E+010  1.3980045358E-002  4.9360789919E+030
  2.6379096110E+010  1.4148311271E-002  4.9940869289E+030
  2.6449641797E+010  1.4317578726E-002  5.0524401374E+030
  2.6519919210E+010  1.4487853685E-002  5.1111406725E+030
  2.6589933803E+010  1.4659142145E-002  5.1701906015E+030
  2.6659690902E+010  1.4831450138E-002  5.2295920040E+030
  2.6729211431E+010  1.5001393353E-002  5.2893469721E+030
  2.6798519755E+010  1.5168057056E-002  5.3494576102E+030
  2.6867620111E+010  1.5335712766E-002  5.4099260353E+030
  2.6936516645E+010  1.5504366386E-002  5.4707543771E+030
  2.7005213421E+010  1.5674023857E-002  5.5319447778E+030
  2.7073714418E+010  1.5844691153E-002  5.5934993924E+030
  2.7142023535E+010  1.6016374285E-002  5.6554203888E+030
  2.7210133294E+010  1.6191762084E-002  5.7177099478E+030
  2.7278021145E+010  1.6374578870E-002  5.7803702630E+030
  2.7345691494E+010  1.6558483807E-002  5.8434035413E+030
  2.7413148654E+010  1.6743483373E-002  5.9068120026E+030
  2.7480396844E+010  1.6929584082E-002  5.9705978801E+030
  2.7547440195E+010  1.7116792489E-002  6.0347634201E+030
  2.7614282752E+010  1.7305115187E-002  6.0993108826E+030
  2.7680948642E+010  1.7489271858E-002  6.1642425406E+030
  2.7747445379E+010  1.7673458615E-002  6.2295606811E+030
  2.7813776325E+010  1.7858741677E-002  6.2952676044E+030
  2.7879944776E+010  1.8045127570E-002  6.3613656247E+030
  2.7945953967E+010  1.8232622859E-002  6.4278570697E+030
  2.8011807073E+010  1.8421234146E-002  6.4947442812E+030
  2.8077504209E+010  1.8611818131E-002  6.5620296149E+030
  2.8143039924E+010  1.8805990301E-002  6.6297154404E+030
  2.8208417421E+010  1.9001318212E-002  6.6978041415E+030
  2.8273639843E+010  1.9197808742E-002  6.7662981163E+030
  2.8338710275E+010  1.9395468811E-002  6.8351997768E+030
  2.8403631746E+010  1.9594305382E-002  6.9045115499E+030
  2.8468406938E+010  1.9794414679E-002  6.9742358764E+030
  2.8533036123E+010  1.9996535297E-002  7.0443752120E+030
  2.8597522220E+010  2.0199858966E-002  7.1149320268E+030
  2.8661868095E+010  2.0404392845E-002  7.1859088058E+030
  2.8726076563E+010  2.0610144140E-002  7.2573080487E+030
  2.8790150391E+010  2.0817120095E-002  7.3291322699E+030
  2.8854076475E+010  2.1030527516E-002  7.4013839991E+030
  2.8917773135E+010  2.1273398595E-002  7.4740657809E+030
  2.8981244881E+010  2.1517715277E-002  7.5471801748E+030
  2.9044496126E+010  2.1763486166E-002  7.6207297561E+030
  2.9107531180E+010  2.2010719919E-002  7.6947171148E+030
  2.9170354261E+010  2.2259425242E-002  7.7691448568E+030
  2.9232999974E+010  2.2498669159E-002  7.8440156033E+030
  2.9295514100E+010  2.2723947324E-002  7.9193319910E+030
  2.9357899268E+010  2.2950566376E-002  7.9950966726E+030
  2.9420158061E+010  2.3178534297E-002  8.0713123163E+030
  2.9482293018E+010  2.3407859115E-002  8.1479816062E+030
  2.9544306637E+010  2.3638548908E-002  8.2251072427E+030
  2.9606201373E+010  2.3870611798E-002  8.3026919419E+030
  2.9667962704E+010  2.4110659782E-002  8.3807384362E+030
  2.9729538481E+010  2.4373784464E-002  8.4592494743E+030
  2.9790932277E+010  2.4638475302E-002  8.5382278212E+030
  2.9852147589E+010  2.4904741617E-002  8.6176762584E+030
  2.9913187848E+010  2.5172592787E-002  8.6975975840E+030
  2.9974056412E+010  2.5442038245E-002  8.7779946126E+030
  3.0034756576E+010  2.5713087480E-002  8.8588701758E+030
  3.0095291565E+010  2.5985750039E-002  8.9402271217E+030
  3.0155777202E+010  2.6211172134E-002  9.0220683157E+030
  3.0216219066E+010  2.6436134809E-002  9.1043966401E+030
  3.0276618556E+010  2.6662436494E-002  9.1872149944E+030
  3.0336977056E+010  2.6890085158E-002  9.2705262952E+030
  3.0397295934E+010  2.7119088820E-002  9.3543334767E+030
  3.0457576544E+010  2.7349455544E-002  9.4386394904E+030
  3.0517820228E+010  2.7581193443E-002  9.5234473055E+030
  3.0578028310E+010  2.7814310680E-002  9.6087599087E+030
  3.0638202105E+010  2.8048815462E-002  9.6945803045E+030
  3.0698225312E+010  2.8340079443E-002  9.7809115156E+030
  3.0758095271E+010  2.8635735757E-002  9.8677565822E+030
  3.0817814925E+010  2.8933151859E-002  9.9551185630E+030
  3.0877387168E+010  2.9232338224E-002  1.0043000535E+031
  3.0936814834E+010  2.9533305388E-002  1.0131405592E+031
  3.0996100710E+010  2.9836063952E-002  1.0220336849E+031
  3.1055247528E+010  3.0140624578E-002  1.0309797438E+031
  3.1114302506E+010  3.0424059884E-002  1.0399790508E+031
  3.1173302012E+010  3.0691286138E-002  1.0490319230E+031
  3.1232247541E+010  3.0960102961E-002  1.0581386792E+031
  3.1291140567E+010  3.1230519820E-002  1.0672996401E+031
  3.1349982549E+010  3.1502546238E-002  1.0765151283E+031
  3.1408774928E+010  3.1776191796E-002  1.0857854685E+031
  3.1467519129E+010  3.2051466131E-002  1.0951109870E+031
  3.1526216561E+010  3.2328378937E-002  1.1044920123E+031
  3.1584868614E+010  3.2606939969E-002  1.1139288748E+031
  3.1643466887E+010  3.2892642646E-002  1.1234219068E+031
  3.1701999285E+010  3.3187727912E-002  1.1329714427E+031
  3.1760467416E+010  3.3484569568E-002  1.1425778188E+031
  3.1818872872E+010  3.3783178068E-002  1.1522413734E+031
  3.1877217222E+010  3.4083563927E-002  1.1619624469E+031
  3.1935502015E+010  3.4385737726E-002  1.1717413815E+031
  3.1993728782E+010  3.4689710106E-002  1.1815785218E+031
  3.2051899035E+010  3.4995491773E-002  1.1914742141E+031
  3.2110015066E+010  3.5302608811E-002  1.2014288070E+031
  3.2168087024E+010  3.5606233540E-002  1.2114426510E+031
  3.2226116263E+010  3.5911665487E-002  1.2215160989E+031
  3.2284104121E+010  3.6218915407E-002  1.2316495053E+031
  3.2342051923E+010  3.6527994123E-002  1.2418432272E+031
  3.2399960977E+010  3.6838912519E-002  1.2520976236E+031
  3.2457832580E+010  3.7151681546E-002  1.2624130556E+031
  3.2515668013E+010  3.7466312218E-002  1.2727898866E+031
  3.2573468546E+010  3.7782815616E-002  1.2832284818E+031
  3.2631237148E+010  3.8100073779E-002  1.2937292091E+031
  3.2688975762E+010  3.8418743336E-002  1.3042924382E+031
  3.2746685595E+010  3.8739309659E-002  1.3149185412E+031
  3.2804367843E+010  3.9061784038E-002  1.3256078922E+031
  3.2862023690E+010  3.9386177831E-002  1.3363608677E+031
  3.2919654308E+010  3.9712502461E-002  1.3471778465E+031
  3.2977260859E+010  4.0040769421E-002  1.3580592095E+031
  3.3034844495E+010  4.0370990274E-002  1.3690053398E+031
  3.3092352560E+010  4.0741215799E-002  1.3800166231E+031
  3.3149755302E+010  4.1136169397E-002  1.3910934471E+031
  3.3207054859E+010  4.1533473814E-002  1.4022362020E+031
  3.3264253333E+010  4.1933143044E-002  1.4134452801E+031
  3.3321352795E+010  4.2335191162E-002  1.4247210762E+031
  3.3378355283E+010  4.2739632327E-002  1.4360639874E+031
  3.3435262801E+010  4.3146480783E-002  1.4474744133E+031
  3.3492085669E+010  4.3549361796E-002  1.4589527557E+031
  3.3548889488E+010  4.3905340222E-002  1.4704994187E+031
  3.3605675344E+010  4.4263437483E-002  1.4821148091E+031
  3.3662444313E+010  4.4623666189E-002  1.4937993360E+031
  3.3719197463E+010  4.4986039027E-002  1.5055534109E+031
  3.3775935853E+010  4.5350568760E-002  1.5173774476E+031
  3.3832660533E+010  4.5717268225E-002  1.5292718627E+031
  3.3889372543E+010  4.6086150338E-002  1.5412370751E+031
  3.3946072917E+010  4.6457228089E-002  1.5532735061E+031
  3.4002762681E+010  4.6830514547E-002  1.5653815796E+031
  3.4059432680E+010  4.7214485882E-002  1.5775617221E+031
  3.4116076254E+010  4.7607257520E-002  1.5898143625E+031
  3.4172694564E+010  4.8002366991E-002  1.6021399324E+031
  3.4229288758E+010  4.8399828209E-002  1.6145388658E+031
  3.4285859976E+010  4.8799655173E-002  1.6270115995E+031
  3.4342409347E+010  4.9201861964E-002  1.6395585726E+031
  3.4398937989E+010  4.9606462746E-002  1.6521802270E+031
  3.4455447011E+010  5.0013471770E-002  1.6648770074E+031
  3.4511937511E+010  5.0422903369E-002  1.6776493608E+031
  3.4568419873E+010  5.0826415006E-002  1.6904977370E+031
  3.4624898012E+010  5.1229686333E-002  1.7034225886E+031
  3.4681372898E+010  5.1635357987E-002  1.7164243707E+031
  3.4737845491E+010  5.2043444257E-002  1.7295035413E+031
  3.4794316749E+010  5.2453959514E-002  1.7426605610E+031
  3.4850787619E+010  5.2866918216E-002  1.7558958931E+031
  3.4907259045E+010  5.3282334906E-002  1.7692100038E+031
  3.4963731964E+010  5.3700224216E-002  1.7826033620E+031
  3.5020207306E+010  5.4120600862E-002  1.7960764393E+031
  3.5076676727E+010  5.4552423765E-002  1.8096297103E+031
  3.5133140753E+010  5.4987270783E-002  1.8232636522E+031
  3.5189600372E+010  5.5424706072E-002  1.8369787454E+031
  3.5246056566E+010  5.5864745037E-002  1.8507754727E+031
  3.5302510310E+010  5.6307403178E-002  1.8646543201E+031
  3.5358962571E+010  5.6752696082E-002  1.8786157763E+031
  3.5415414311E+010  5.7200639432E-002  1.8926603331E+031
  3.5471866485E+010  5.7651249005E-002  1.9067884851E+031
  3.5528317064E+010  5.8107603189E-002  1.9210007299E+031
  3.5584766228E+010  5.8567488085E-002  1.9352975680E+031
  3.5641214943E+010  5.9030110282E-002  1.9496795028E+031
  3.5697664169E+010  5.9495486071E-002  1.9641470410E+031
  3.5754114857E+010  5.9963631842E-002  1.9787006921E+031
  3.5810567955E+010  6.0434564084E-002  1.9933409685E+031
  3.5867024405E+010  6.0908299381E-002  2.0080683859E+031
  3.5923485117E+010  6.1384880294E-002  2.0228834630E+031
  3.5979947157E+010  6.1868528741E-002  2.0377867215E+031
  3.6036411477E+010  6.2355055932E-002  2.0527786863E+031
  3.6092879026E+010  6.2844479001E-002  2.0678598855E+031
  3.6149350744E+010  6.3336815186E-002  2.0830308500E+031
  3.6205827568E+010  6.3832081826E-002  2.0982921143E+031
  3.6262310428E+010  6.4330296363E-002  2.1136442158E+031
  3.6318800248E+010  6.4831476343E-002  2.1290876952E+031
  3.6375297002E+010  6.5336733346E-002  2.1446230964E+031
  3.6431800887E+010  6.5845840519E-002  2.1602509664E+031
  3.6488312824E+010  6.6357977969E-002  2.1759718558E+031
  3.6544833730E+010  6.6873163734E-002  2.1917863181E+031
  3.6601364516E+010  6.7391415958E-002  2.2076949104E+031
  3.6657906087E+010  6.7912752893E-002  2.2236981928E+031
  3.6714459347E+010  6.8437192898E-002  2.2397967291E+031
  3.6771019528E+010  6.8971652919E-002  2.2559910861E+031
  3.6827580382E+010  6.9518110351E-002  2.2722818342E+031
  3.6884142892E+010  7.0067820375E-002  2.2886695472E+031
  3.6940708031E+010  7.0620802351E-002  2.3051548022E+031
  3.6997276769E+010  7.1177075755E-002  2.3217381797E+031
  3.7053850070E+010  7.1736660176E-002  2.3384202638E+031
  3.7110428890E+010  7.2299575323E-002  2.3552016421E+031
  3.7167019416E+010  7.2859107547E-002  2.3720829055E+031
  3.7223624484E+010  7.3419471471E-002  2.3890646486E+031
  3.7280244987E+010  7.3983170760E-002  2.4061474694E+031
  3.7336881809E+010  7.4550225268E-002  2.4233319696E+031
  3.7393535835E+010  7.5120654964E-002  2.4406187544E+031
  3.7450207942E+010  7.5694479939E-002  2.4580084326E+031
  3.7506898733E+010  7.6272087160E-002  2.4755016165E+031
  3.7563601103E+010  7.6863934618E-002  2.4930989224E+031
  3.7620315975E+010  7.7459304837E-002  2.5108009700E+031
  3.7677044268E+010  7.8058218783E-002  2.5286083827E+031
  3.7733786896E+010  7.8660697551E-002  2.5465217876E+031
  3.7790544768E+010  7.9266762357E-002  2.5645418156E+031
  3.7847318791E+010  7.9876434547E-002  2.5826691014E+031
  3.7904107014E+010  8.0493772128E-002  2.6009042833E+031
  3.7960909191E+010  8.1116442457E-002  2.6192480037E+031
  3.8017726243E+010  8.1742819007E-002  2.6377009084E+031
  3.8074559085E+010  8.2372923840E-002  2.6562636475E+031
  3.8131408630E+010  8.3006779146E-002  2.6749368746E+031
  3.8188275784E+010  8.3644407249E-002  2.6937212474E+031
  3.8245031048E+010  8.4479291604E-002  2.7126174275E+031
  3.8301596038E+010  8.5440791187E-002  2.7316260803E+031
  3.8357974533E+010  8.6408013752E-002  2.7507478753E+031
  3.8414170229E+010  8.7380993362E-002  2.7699834859E+031
  3.8470186745E+010  8.8359764285E-002  2.7893335896E+031
  3.8526027618E+010  8.9344360991E-002  2.8087988679E+031
  3.8581893323E+010  9.0016575719E-002  2.8283800063E+031
  3.8637856622E+010  9.0576326929E-002  2.8480776944E+031
  3.8693918088E+010  9.1139409858E-002  2.8678926259E+031
  3.8750078298E+010  9.1705844337E-002  2.8878254986E+031
  3.8806337834E+010  9.2275650314E-002  2.9078770147E+031
  3.8862697279E+010  9.2848847856E-002  2.9280478802E+031
  3.8919157223E+010  9.3425457152E-002  2.9483388056E+031
  3.8975718257E+010  9.4005498508E-002  2.9687505055E+031
  3.9032380979E+010  9.4588992352E-002  2.9892836986E+031
  3.9089145989E+010  9.5175959234E-002  3.0099391083E+031
  3.9146013893E+010  9.5766419826E-002  3.0307174619E+031
  3.9202933991E+010  9.6447164281E-002  3.0516194911E+031
  3.9259865410E+010  9.7202886683E-002  3.0726459323E+031
  3.9316809125E+010  9.7963107252E-002  3.0937975257E+031
  3.9373766108E+010  9.8727852762E-002  3.1150750165E+031
  3.9430737324E+010  9.9497150145E-002  3.1364791539E+031
  3.9487723737E+010  1.0027102650E-001  3.1580106917E+031
  3.9544721765E+010  1.0105754376E-001  3.1796703883E+031
  3.9601696957E+010  1.0191202482E-001  3.2014590065E+031
  3.9658650582E+010  1.0277159187E-001  3.2233773137E+031
  3.9715583904E+010  1.0363627518E-001  3.2454260817E+031
  3.9772498169E+010  1.0450610521E-001  3.2676060871E+031
  3.9829394618E+010  1.0538111259E-001  3.2899181110E+031
  3.9886274478E+010  1.0626132814E-001  3.3123629393E+031
  3.9943117345E+010  1.0718749330E-001  3.3349413624E+031
  3.9999915201E+010  1.0813711546E-001  3.3576541754E+031
  4.0056669550E+010  1.0909238991E-001  3.3805021783E+031
  4.0113381879E+010  1.1005335029E-001  3.4034861758E+031
  4.0170053657E+010  1.1102003043E-001  3.4266069773E+031
  4.0226686339E+010  1.1199246440E-001  3.4498653970E+031
  4.0283281363E+010  1.1297068643E-001  3.4732622542E+031
  4.0339851275E+010  1.1393235065E-001  3.4967983728E+031
  4.0396443318E+010  1.1480654669E-001  3.5204745817E+031
  4.0453058410E+010  1.1568594607E-001  3.5442917147E+031
  4.0509697465E+010  1.1657057977E-001  3.5682506107E+031
  4.0566361393E+010  1.1746047892E-001  3.5923521134E+031
  4.0623051104E+010  1.1835567489E-001  3.6165970717E+031
  4.0679767500E+010  1.1925619919E-001  3.6409863395E+031
  4.0736511484E+010  1.2016208353E-001  3.6655207755E+031
  4.0793283954E+010  1.2107335983E-001  3.6902012441E+031
  4.0850085807E+010  1.2199006017E-001  3.7150286143E+031
  4.0906864948E+010  1.2302680351E-001  3.7400037605E+031
  4.0963614761E+010  1.2408699685E-001  3.7651275623E+031
  4.1020336612E+010  1.2515350062E-001  3.7904009045E+031
  4.1077031849E+010  1.2622635237E-001  3.8158246773E+031
  4.1133701812E+010  1.2730558988E-001  3.8413997760E+031
  4.1190347823E+010  1.2839125117E-001  3.8671271012E+031
  4.1246971196E+010  1.2948337447E-001  3.8930075592E+031
  4.1303573232E+010  1.3058199824E-001  3.9190420613E+031
  4.1360159504E+010  1.3167719694E-001  3.9452315244E+031
  4.1416854244E+010  1.3249117141E-001  3.9715768710E+031
  4.1473658106E+010  1.3330999079E-001  3.9980790288E+031
  4.1530571745E+010  1.3413368388E-001  4.0247389311E+031
  4.1587595824E+010  1.3496227972E-001  4.0515575170E+031
  4.1644731011E+010  1.3579580748E-001  4.0785357309E+031
  4.1701977977E+010  1.3663429651E-001  4.1056745230E+031
  4.1759337401E+010  1.3747777635E-001  4.1329748490E+031
  4.1816809964E+010  1.3832627670E-001  4.1604376704E+031
  4.1874396355E+010  1.3917982744E-001  4.1880639544E+031
  4.1932097267E+010  1.4003845864E-001  4.2158546740E+031
  4.1989800384E+010  1.4117786143E-001  4.2438108079E+031
  4.2047459208E+010  1.4244154123E-001  4.2719333406E+031
  4.2105075338E+010  1.4371274262E-001  4.3002232627E+031
  4.2162650354E+010  1.4499151039E-001  4.3286815703E+031
  4.2220185819E+010  1.4627788957E-001  4.3573092659E+031
  4.2277683276E+010  1.4757192545E-001  4.3861073575E+031
  4.2335183051E+010  1.4877333327E-001  4.4150768595E+031
  4.2392707916E+010  1.4992558962E-001  4.4442187920E+031
  4.2450258869E+010  1.5108470436E-001  4.4735341815E+031
  4.2507836901E+010  1.5225071832E-001  4.5030240603E+031
  4.2565443004E+010  1.5342367255E-001  4.5326894671E+031
  4.2623078163E+010  1.5460360838E-001  4.5625314465E+031
  4.2680743362E+010  1.5579056735E-001  4.5925510496E+031
  4.2738439534E+010  1.5698472341E-001  4.6227493337E+031
  4.2796160474E+010  1.5820564877E-001  4.6531273623E+031
  4.2853907203E+010  1.5943384126E-001  4.6836862051E+031
  4.2911680737E+010  1.6066934412E-001  4.7144269385E+031
  4.2969482089E+010  1.6191220086E-001  4.7453506452E+031
  4.3027312268E+010  1.6316245527E-001  4.7764584141E+031
  4.3085172282E+010  1.6442015137E-001  4.8077513408E+031
  4.3143063135E+010  1.6568533345E-001  4.8392305275E+031
  4.3200905502E+010  1.6718963488E-001  4.8708970828E+031
  4.3258667457E+010  1.6880096582E-001  4.9027521219E+031
  4.3316351093E+010  1.7042188763E-001  4.9347967667E+031
  4.3373958468E+010  1.7205245739E-001  4.9670321458E+031
  4.3431491614E+010  1.7369273254E-001  4.9994593944E+031
  4.3488952533E+010  1.7534277084E-001  5.0320796546E+031
  4.3546343199E+010  1.7700263040E-001  5.0648940752E+031
  4.3603806060E+010  1.7823600384E-001  5.0979038119E+031
  4.3661401325E+010  1.7929181356E-001  5.1311100272E+031
  4.3719129742E+010  1.8035390762E-001  5.1645138906E+031
  4.3776992066E+010  1.8142232341E-001  5.1981165785E+031
  4.3834989061E+010  1.8249709856E-001  5.2319192744E+031
  4.3893121494E+010  1.8357827093E-001  5.2659231687E+031
  4.3951390143E+010  1.8466587859E-001  5.3001294591E+031
  4.4009795791E+010  1.8575995984E-001  5.3345393501E+031
  4.4068339229E+010  1.8686055322E-001  5.3691540536E+031
  4.4127021256E+010  1.8796769749E-001  5.4039747888E+031
  4.4185683217E+010  1.8959481044E-001  5.4390027819E+031
  4.4244265045E+010  1.9143225438E-001  5.4742392666E+031
  4.4302768906E+010  1.9328063506E-001  5.5096854839E+031
  4.4361196932E+010  1.9514001756E-001  5.5453426821E+031
  4.4419551227E+010  1.9701046736E-001  5.5812121169E+031
  4.4477921207E+010  1.9859478996E-001  5.6172950517E+031
  4.4536313472E+010  2.0016994192E-001  5.6535927573E+031
  4.4594729148E+010  2.0175446941E-001  5.6901065119E+031
  4.4653169357E+010  2.0334842823E-001  5.7268376016E+031
  4.4711635217E+010  2.0495187452E-001  5.7637873199E+031
  4.4770127841E+010  2.0656486474E-001  5.8009569682E+031
  4.4828637774E+010  2.0822500267E-001  5.8383478555E+031
  4.4887101787E+010  2.1012598105E-001  5.8759612987E+031
  4.4945521635E+010  2.1203827432E-001  5.9137986224E+031
  4.5003899057E+010  2.1396194983E-001  5.9518611592E+031
  4.5062235770E+010  2.1589707533E-001  5.9901502497E+031
  4.5120533475E+010  2.1784371897E-001  6.0286672422E+031
  4.5178793851E+010  2.1980194931E-001  6.0674134933E+031
  4.5237040743E+010  2.2168747994E-001  6.1063903676E+031
  4.5295313295E+010  2.2343968825E-001  6.1455992378E+031
  4.5353612633E+010  2.2520232596E-001  6.1850414847E+031
  4.5411939876E+010  2.2697545514E-001  6.2247184974E+031
  4.5470296141E+010  2.2875913823E-001  6.2646316734E+031
  4.5528682543E+010  2.3055343806E-001  6.3047824182E+031
  4.5587100190E+010  2.3235841781E-001  6.3451721460E+031
  4.5645550191E+010  2.3417414106E-001  6.3858022792E+031
  4.5704033649E+010  2.3600067175E-001  6.4266742486E+031
  4.5762543642E+010  2.3787064901E-001  6.4677894938E+031
  4.5821080360E+010  2.3975568031E-001  6.5091494628E+031
  4.5879644952E+010  2.4165193159E-001  6.5507556122E+031
  4.5938238567E+010  2.4355946963E-001  6.5926094072E+031
  4.5996862345E+010  2.4547836161E-001  6.6347123220E+031
  4.6055517429E+010  2.4740867510E-001  6.6770658393E+031
  4.6114204953E+010  2.4935047809E-001  6.7196714507E+031
  4.6172926052E+010  2.5130383896E-001  6.7625306568E+031
  4.6231674917E+010  2.5329870337E-001  6.8056449669E+031
  4.6290451227E+010  2.5531191279E-001  6.8490158995E+031
  4.6349256160E+010  2.5733710512E-001  6.8926449821E+031
  4.6408090886E+010  2.5937435168E-001  6.9365337511E+031
  4.6466956576E+010  2.6142372421E-001  6.9806837523E+031
  4.6525854395E+010  2.6348529491E-001  7.0250965406E+031
  4.6584785506E+010  2.6555913636E-001  7.0697736801E+031
  4.6643743143E+010  2.6768125550E-001  7.1147167442E+031
  4.6702671222E+010  2.7007799009E-001  7.1599273158E+031
  4.6761571425E+010  2.7248899040E-001  7.2054069872E+031
  4.6820445413E+010  2.7491434131E-001  7.2511573600E+031
  4.6879294835E+010  2.7735412826E-001  7.2971800455E+031
  4.6938121322E+010  2.7980843717E-001  7.3434766645E+031
  4.6996926491E+010  2.8227735447E-001  7.3900488476E+031
  4.7055711944E+010  2.8476096712E-001  7.4368982349E+031
  4.7114583852E+010  2.8674970375E-001  7.4840264764E+031
  4.7173576886E+010  2.8858540843E-001  7.5314352319E+031
  4.7232691957E+010  2.9043203949E-001  7.5791261710E+031
  4.7291929978E+010  2.9228966196E-001  7.6271009733E+031
  4.7351291874E+010  2.9415834126E-001  7.6753613285E+031
  4.7410778574E+010  2.9603814320E-001  7.7239089361E+031
  4.7470391019E+010  2.9792913399E-001  7.7727455059E+031
  4.7530130153E+010  2.9983138023E-001  7.8218727580E+031
  4.7589988182E+010  3.0178899362E-001  7.8712924224E+031
  4.7649802055E+010  3.0459012556E-001  7.9210062396E+031
  4.7709573703E+010  3.0740793025E-001  7.9710159606E+031
  4.7769305038E+010  3.1024250690E-001  8.0213233465E+031
  4.7828997948E+010  3.1309395536E-001  8.0719301690E+031
  4.7888654303E+010  3.1596237604E-001  8.1228382106E+031
  4.7948337639E+010  3.1851874530E-001  8.1740492640E+031
  4.8008054091E+010  3.2106436467E-001  8.2255651329E+031
  4.8067804921E+010  3.2362513592E-001  8.2773876315E+031
  4.8127591390E+010  3.2620114925E-001  8.3295185849E+031
  4.8187414755E+010  3.2879249538E-001  8.3819598292E+031
  4.8247276272E+010  3.3139926557E-001  8.4347132112E+031
  4.8307174236E+010  3.3403801006E-001  8.4877805888E+031
  4.8367105787E+010  3.3671562454E-001  8.5411638310E+031
  4.8427072213E+010  3.3940917656E-001  8.5948648178E+031
  4.8487074800E+010  3.4211876098E-001  8.6488854405E+031
  4.8547114832E+010  3.4484447324E-001  8.7032276015E+031
  4.8607193589E+010  3.4758640932E-001  8.7578932148E+031
  4.8667311269E+010  3.5035094278E-001  8.8128842056E+031
  4.8727462943E+010  3.5316835231E-001  8.8682025105E+031
  4.8787649925E+010  3.5600253146E-001  8.9238500779E+031
  4.8847873531E+010  3.5885358004E-001  8.9798288674E+031
  4.8908135068E+010  3.6172159847E-001  9.0361408507E+031
  4.8968435846E+010  3.6460668775E-001  9.0927880108E+031
  4.9028777147E+010  3.6750907444E-001  9.1497723428E+031
  4.9089160097E+010  3.7042982183E-001  9.2070958537E+031
  4.9149585997E+010  3.7336795391E-001  9.2647605622E+031
  4.9210056146E+010  3.7632357417E-001  9.3227684993E+031
  4.9270571841E+010  3.7929678670E-001  9.3811217078E+031
  4.9331134379E+010  3.8228769622E-001  9.4398222429E+031
  4.9391743998E+010  3.8530310690E-001  9.4988721718E+031
  4.9452399141E+010  3.8835472759E-001  9.5582735743E+031
  4.9513101121E+010  3.9142451195E-001  9.6180285424E+031
  4.9573851251E+010  3.9451256810E-001  9.6781391805E+031
  4.9634650840E+010  3.9761900480E-001  9.7386076057E+031
  4.9695501198E+010  4.0074393146E-001  9.7994359475E+031
  4.9756384366E+010  4.0401510582E-001  9.8606263481E+031
  4.9817297086E+010  4.0733697097E-001  9.9221809628E+031
  4.9878240806E+010  4.1067860833E-001  9.9841019592E+031
  4.9939216965E+010  4.1404013559E-001  1.0046391518E+032
  5.0000227001E+010  4.1742167114E-001  1.0109051833E+032
  5.0061235584E+010  4.2107655737E-001  1.0172085112E+032
  5.0122217943E+010  4.2493735065E-001  1.0235493573E+032
  5.0183176015E+010  4.2882112393E-001  1.0299279450E+032
  5.0244111724E+010  4.3272801397E-001  1.0363444990E+032
  5.0305026974E+010  4.3665815837E-001  1.0427992453E+032
  5.0365942075E+010  4.4047860854E-001  1.0492924111E+032
  5.0426888832E+010  4.4410265597E-001  1.0558242251E+032
  5.0487868709E+010  4.4774827424E-001  1.0623949175E+032
  5.0548883168E+010  4.5141559175E-001  1.0690047195E+032
  5.0609933667E+010  4.5510473765E-001  1.0756538640E+032
  5.0671021659E+010  4.5881584187E-001  1.0823425852E+032
  5.0732149769E+010  4.6254015926E-001  1.0890711185E+032
  5.0793322053E+010  4.6626674737E-001  1.0958397011E+032
  5.0854539931E+010  4.7001551666E-001  1.1026485712E+032
  5.0915804826E+010  4.7378659916E-001  1.1094979687E+032
  5.0977118156E+010  4.7758012767E-001  1.1163881347E+032
  5.1038481338E+010  4.8139623581E-001  1.1233193120E+032
  5.1099882816E+010  4.8533743392E-001  1.1302917447E+032
  5.1161308349E+010  4.8942722316E-001  1.1373056782E+032
  5.1222759526E+010  4.9354135540E-001  1.1443613597E+032
  5.1284237933E+010  4.9767997554E-001  1.1514590376E+032
  5.1345745147E+010  5.0184322934E-001  1.1585989619E+032
  5.1407282741E+010  5.0603126341E-001  1.1657813840E+032
  5.1468842557E+010  5.1032473177E-001  1.1730065569E+032
  5.1530424756E+010  5.1465601067E-001  1.1802747351E+032
  5.1592030973E+010  5.1901306995E-001  1.1875861745E+032
  5.1653662836E+010  5.2339606306E-001  1.1949411326E+032
  5.1715321966E+010  5.2780514437E-001  1.2023398685E+032
  5.1777009265E+010  5.3224662900E-001  1.2097826427E+032
  5.1838724777E+010  5.3672819289E-001  1.2172697174E+032
  5.1900470121E+010  5.4123643169E-001  1.2248013561E+032
  5.1962246915E+010  5.4577150417E-001  1.2323778243E+032
  5.2024056767E+010  5.5033357004E-001  1.2399993887E+032
  5.2085901224E+010  5.5492332980E-001  1.2476663177E+032
  5.2147772954E+010  5.5962106509E-001  1.2553788813E+032
  5.2209673616E+010  5.6434676196E-001  1.2631373512E+032
  5.2271604860E+010  5.6910058685E-001  1.2709420007E+032
  5.2333568333E+010  5.7388270718E-001  1.2787931045E+032
  5.2395565675E+010  5.7869329137E-001  1.2866909392E+032
  5.2457590748E+010  5.8360555005E-001  1.2946357829E+032
  5.2519644015E+010  5.8855862051E-001  1.3026279154E+032
  5.2581727161E+010  5.9354117234E-001  1.3106676183E+032
  5.2643841868E+010  5.9855338103E-001  1.3187551746E+032
  5.2705989814E+010  6.0359542310E-001  1.3268908692E+032
  5.2768173805E+010  6.0865635468E-001  1.3350749886E+032
  5.2830395668E+010  6.1374578424E-001  1.3433078210E+032
  5.2892657056E+010  6.1886550680E-001  1.3515896565E+032
  5.2954959619E+010  6.2401570268E-001  1.3599207866E+032
  5.3017304333E+010  6.2920332557E-001  1.3683015047E+032
  5.3079667423E+010  6.3468006103E-001  1.3767321061E+032
  5.3142050709E+010  6.4018939478E-001  1.3852128876E+032
  5.3204456000E+010  6.4573152087E-001  1.3937441479E+032
  5.3266885100E+010  6.5130663448E-001  1.4023261875E+032
  5.3329335747E+010  6.5695755389E-001  1.4109593086E+032
  5.3391802902E+010  6.6271472430E-001  1.4196438153E+032
  5.3454288428E+010  6.6850616220E-001  1.4283800133E+032
  5.3516794179E+010  6.7433207157E-001  1.4371682105E+032
  5.3579322000E+010  6.8019265757E-001  1.4460087163E+032
  5.3641869947E+010  6.8612954596E-001  1.4549018420E+032
  5.3704438492E+010  6.9211709670E-001  1.4638479008E+032
  5.3767029493E+010  6.9814028618E-001  1.4728472079E+032
  5.3829644805E+010  7.0419932655E-001  1.4819000801E+032
  5.3892285544E+010  7.1030267173E-001  1.4910068363E+032
  5.3954951581E+010  7.1646487192E-001  1.5001677972E+032
  5.4017644766E+010  7.2266375040E-001  1.5093832854E+032
  5.4080366944E+010  7.2889952549E-001  1.5186536255E+032
  5.4143119952E+010  7.3517241679E-001  1.5279791440E+032
  5.4205888522E+010  7.4168431545E-001  1.5373601693E+032
  5.4268673158E+010  7.4825222017E-001  1.5467970318E+032
  5.4331475813E+010  7.5485921799E-001  1.5562900638E+032
  5.4394298431E+010  7.6150554160E-001  1.5658395997E+032
  5.4457138994E+010  7.6823969537E-001  1.5754459758E+032
  5.4519998010E+010  7.7503174838E-001  1.5851095305E+032
  5.4582877441E+010  7.8186422865E-001  1.5948306039E+032
  5.4645779237E+010  7.8873737681E-001  1.6046095386E+032
  5.4708694726E+010  7.9578545230E-001  1.6144466788E+032
  5.4771617295E+010  8.0298541746E-001  1.6243423712E+032
  5.4834549022E+010  8.1022823783E-001  1.6342969640E+032
  5.4897491972E+010  8.1751416850E-001  1.6443108081E+032
  5.4960403259E+010  8.2543174251E-001  1.6543842559E+032
  5.5023250377E+010  8.3385951902E-001  1.6645176624E+032
  5.5086036187E+010  8.4233745885E-001  1.6747113843E+032
  5.5148763514E+010  8.5086586059E-001  1.6849657807E+032
  5.5211473441E+010  8.5892105244E-001  1.6952812127E+032
  5.5274196434E+010  8.6663577771E-001  1.7056580436E+032
  5.5336934544E+010  8.7439642212E-001  1.7160966389E+032
  5.5399689811E+010  8.8220325899E-001  1.7265973662E+032
  5.5462464264E+010  8.9005656325E-001  1.7371605953E+032
  5.5525260542E+010  8.9794778544E-001  1.7477866982E+032
  5.5588080937E+010  9.0588185882E-001  1.7584760492E+032
  5.5650927445E+010  9.1386315693E-001  1.7692290247E+032
  5.5713802054E+010  9.2189196086E-001  1.7800460035E+032
  5.5776706747E+010  9.2996855337E-001  1.7909273665E+032
  5.5839622690E+010  9.3840294048E-001  1.8018734969E+032
  5.5902550407E+010  9.4691163132E-001  1.8128847802E+032
  5.5965492028E+010  9.5547096710E-001  1.8239616042E+032
  5.6028449670E+010  9.6408124926E-001  1.8351043590E+032
  5.6091418174E+010  9.7285483996E-001  1.8463134371E+032
  5.6154386864E+010  9.8188040479E-001  1.8575892332E+032
  5.6217357995E+010  9.9095969106E-001  1.8689321445E+032
  5.6280333807E+010  1.0000930185E+000  1.8803425704E+032
  5.6343316527E+010  1.0092807088E+000  1.8918209127E+032
  5.6406314117E+010  1.0184302855E+000  1.9033675758E+032
  5.6469330129E+010  1.0276115599E+000  1.9149829662E+032
  5.6532366694E+010  1.0368474825E+000  1.9266674931E+032
  5.6595425931E+010  1.0461383787E+000  1.9384215679E+032
  5.6658510241E+010  1.0554797712E+000  1.9502456047E+032
  5.6721622468E+010  1.0648642707E+000  1.9621400198E+032
  5.6784764699E+010  1.0743046280E+000  1.9741052321E+032
  5.6847939015E+010  1.0838011757E+000  1.9861416631E+032
  5.6911147490E+010  1.0933542482E+000  1.9982497366E+032
  5.6974377232E+010  1.1032247055E+000  2.0104298791E+032
  5.7037628220E+010  1.1131924422E+000  2.0226825196E+032
  5.7100902633E+010  1.1232195083E+000  2.0350080895E+032
  5.7164202642E+010  1.1333062569E+000  2.0474070229E+032
  5.7227424127E+010  1.1453720349E+000  2.0598797565E+032
  5.7290507280E+010  1.1586654666E+000  2.0724267296E+032
  5.7353456345E+010  1.1720380227E+000  2.0850483841E+032
  5.7416275481E+010  1.1854901742E+000  2.0977451644E+032
  5.7479025224E+010  1.1979455969E+000  2.1105175178E+032
  5.7541796761E+010  1.2087802994E+000  2.1233658940E+032
  5.7604592269E+010  1.2196794915E+000  2.1362907456E+032
  5.7667413919E+010  1.2306435572E+000  2.1492925278E+032
  5.7730263870E+010  1.2416728826E+000  2.1623716984E+032
  5.7793144276E+010  1.2527678560E+000  2.1755287180E+032
  5.7856057144E+010  1.2639316193E+000  2.1887640502E+032
  5.7918991089E+010  1.2754354170E+000  2.2020781608E+032
  5.7981948344E+010  1.2870076870E+000  2.2154715190E+032
  5.8044931134E+010  1.2986488367E+000  2.2289445963E+032
  5.8107941674E+010  1.3103592762E+000  2.2424978673E+032
  5.8170982173E+010  1.3221394179E+000  2.2561318093E+032
  5.8234054831E+010  1.3339896766E+000  2.2698469024E+032
  5.8297150144E+010  1.3461595103E+000  2.2836436297E+032
  5.8360268549E+010  1.3584412722E+000  2.2975224771E+032
  5.8423412323E+010  1.3707961369E+000  2.3114839334E+032
  5.8486583735E+010  1.3832245395E+000  2.3255284902E+032
  5.8549785048E+010  1.3957269177E+000  2.3396566422E+032
  5.8613018513E+010  1.4083037118E+000  2.3538688869E+032
  5.8676273937E+010  1.4212342989E+000  2.3681657250E+032
  5.8739552769E+010  1.4342618419E+000  2.3825476599E+032
  5.8802857339E+010  1.4473669267E+000  2.3970151981E+032
  5.8866189967E+010  1.4605500148E+000  2.4115688491E+032
  5.8929552965E+010  1.4738115705E+000  2.4262091255E+032
  5.8992945943E+010  1.4872151353E+000  2.4409365429E+032
  5.9056360817E+010  1.5009441768E+000  2.4557516200E+032
  5.9119799974E+010  1.5147549355E+000  2.4706548785E+032
  5.9183265794E+010  1.5286478977E+000  2.4856468434E+032
  5.9246760644E+010  1.5426235529E+000  2.5007280425E+032
  5.9310286886E+010  1.5566823931E+000  2.5158990071E+032
  5.9373838323E+010  1.5710358520E+000  2.5311602714E+032
  5.9437413073E+010  1.5855815276E+000  2.5465123729E+032
  5.9501013573E+010  1.6002137811E+000  2.5619558522E+032
  5.9564642244E+010  1.6149331278E+000  2.5774912534E+032
  5.9628301504E+010  1.6297400861E+000  2.5931191235E+032
  5.9691989990E+010  1.6447322733E+000  2.6088400129E+032
  5.9755701425E+010  1.6600401121E+000  2.6246544752E+032
  5.9819438293E+010  1.6754390654E+000  2.6405630674E+032
  5.9883203072E+010  1.6909296755E+000  2.6565663499E+032
  5.9946998227E+010  1.7065124878E+000  2.6726648861E+032
  6.0010823838E+010  1.7222521329E+000  2.6888592431E+032
  6.0074661647E+010  1.7386487265E+000  2.7051499913E+032
  6.0138514279E+010  1.7551429150E+000  2.7215377042E+032
  6.0202384349E+010  1.7717352792E+000  2.7380229592E+032
  6.0266274456E+010  1.7884264035E+000  2.7546063367E+032
  6.0330186702E+010  1.8052305634E+000  2.7712884209E+032
  6.0394116064E+010  1.8223511078E+000  2.7880697991E+032
  6.0458065172E+010  1.8395735562E+000  2.8049510625E+032
  6.0522036647E+010  1.8568985150E+000  2.8219328056E+032
  6.0586033097E+010  1.8743265945E+000  2.8390156265E+032
  6.0650057118E+010  1.8918584083E+000  2.8562001266E+032
  6.0714096098E+010  1.9099469829E+000  2.8734869114E+032
  6.0778148742E+010  1.9282632660E+000  2.8908765896E+032
  6.0842217773E+010  1.9466885703E+000  2.9083697736E+032
  6.0906305900E+010  1.9652235446E+000  2.9259670795E+032
  6.0970415817E+010  1.9838688417E+000  2.9436691270E+032
  6.1034548245E+010  2.0026863425E+000  2.9614765397E+032
  6.1098704239E+010  2.0216672006E+000  2.9793899446E+032
  6.1162886489E+010  2.0407610355E+000  2.9974099726E+032
  6.1227097674E+010  2.0599685195E+000  3.0155372584E+032
  6.1291340464E+010  2.0792903292E+000  3.0337724404E+032
  6.1355610712E+010  2.0989490446E+000  3.0521161607E+032
  6.1419904957E+010  2.1189275281E+000  3.0705690655E+032
  6.1484225944E+010  2.1390249264E+000  3.0891318045E+032
  6.1548576405E+010  2.1592419473E+000  3.1078050317E+032
  6.1612959063E+010  2.1795793027E+000  3.1265894045E+032
  6.1677368563E+010  2.2003128226E+000  3.1454855845E+032
  6.1741803302E+010  2.2213201072E+000  3.1644942373E+032
  6.1806266074E+010  2.2424524300E+000  3.1836160323E+032
  6.1870759661E+010  2.2637105355E+000  3.2028516430E+032
  6.1935286835E+010  2.2850951722E+000  3.2222017467E+032
  6.1999895652E+010  2.3049933808E+000  3.2416670250E+032
  6.2064593397E+010  2.3248377138E+000  3.2612481633E+032
  6.2129382535E+010  2.3448001630E+000  3.2809458514E+032
  6.2194265541E+010  2.3648814315E+000  3.3007607829E+032
  6.2259223823E+010  2.3858544170E+000  3.3206936557E+032
  6.2324208711E+010  2.4088469706E+000  3.3407451718E+032
  6.2389223132E+010  2.4319763793E+000  3.3609160373E+032
  6.2454270004E+010  2.4552434574E+000  3.3812069627E+032
  6.2519274772E+010  2.4815966715E+000  3.4016186625E+032
  6.2584212047E+010  2.5092268697E+000  3.4221518557E+032
  6.2649085837E+010  2.5370215266E+000  3.4428072653E+032
  6.2713918976E+010  2.5642362253E+000  3.4635856189E+032
  6.2778776446E+010  2.5891677421E+000  3.4844876482E+032
  6.2843661247E+010  2.6142476548E+000  3.5055140893E+032
  6.2908576367E+010  2.6394768466E+000  3.5266656828E+032
  6.2973524783E+010  2.6648562062E+000  3.5479431735E+032
  6.3038550700E+010  2.6886839948E+000  3.5693473109E+032
  6.3103670644E+010  2.7120787472E+000  3.5908788488E+032
  6.3168887254E+010  2.7356127486E+000  3.6125385454E+032
  6.3234203177E+010  2.7592868276E+000  3.6343271636E+032
  6.3299591489E+010  2.7843583669E+000  3.6562454707E+032
  6.3365006708E+010  2.8116487182E+000  3.6782942387E+032
  6.3430451976E+010  2.8391015055E+000  3.7004742441E+032
  6.3495930419E+010  2.8667176957E+000  3.7227862681E+032
  6.3561353819E+010  2.8985307116E+000  3.7452310963E+032
  6.3626725568E+010  2.9305631597E+000  3.7678095194E+032
  6.3692049691E+010  2.9627862694E+000  3.7905223324E+032
  6.3757079299E+010  3.0067311563E+000  3.8133703353E+032
  6.3821669425E+010  3.0581932340E+000  3.8363543328E+032
  6.3885833643E+010  3.1099616212E+000  3.8594751343E+032
  6.3949585023E+010  3.1620381413E+000  3.8827335541E+032
  6.4010975210E+010  3.3168860029E+000  3.9061304112E+032
  6.4069391523E+010  3.5204249959E+000  3.9296665298E+032
  6.4125136310E+010  3.7251754818E+000  3.9533427387E+032
  6.4178467762E+010  3.9311446716E+000  3.9771598717E+032
  6.4221605521E+010  4.9047486036E+000  4.0011187677E+032
  6.4257306550E+010  5.9773996479E+000  4.0252202705E+032
  6.4287795635E+010  7.0564352631E+000  4.0494652288E+032
  6.4313706495E+010  8.3684222289E+000  4.0738544965E+032
  6.4332435714E+010  1.1663565609E+001  4.0983889326E+032
  6.4347123310E+010  1.4978322149E+001  4.1230694011E+032
  6.4359226274E+010  1.8301597105E+001  4.1478967713E+032
  6.4370390807E+010  1.9973578046E+001  4.1728719175E+032
  6.4380756984E+010  2.1655510854E+001  4.1979957193E+032
  6.4390786015E+010  2.2532129335E+001  4.2232690616E+032
  6.4401414827E+010  2.1402010715E+001  4.2486928343E+032
  6.4412715020E+010  2.0265165470E+001  4.2742679330E+032
  6.4424283262E+010  1.9928710514E+001  4.2999952583E+032
  6.4435831137E+010  2.0098273560E+001  4.3258757162E+032
  6.4447358916E+010  2.0268845868E+001  4.3519102183E+032
  6.4458866864E+010  2.0440433448E+001  4.3780996815E+032
  6.4470355244E+010  2.0613042341E+001  4.4044450280E+032
  6.4481824316E+010  2.0786678626E+001  4.4309471858E+032
  6.4493274335E+010  2.0961348419E+001  4.4576070882E+032
  6.4504705553E+010  2.1137057872E+001  4.4844256741E+032
  6.4516118219E+010  2.1313813172E+001  4.5114038880E+032
  6.4527512577E+010  2.1491620545E+001  4.5385426800E+032
  6.4538888870E+010  2.1670486252E+001  4.5658430061E+032
  6.4550247336E+010  2.1850416594E+001  4.5933058275E+032
  6.4561588211E+010  2.2031417906E+001  4.6209321115E+032
  6.4572911728E+010  2.2213496564E+001  4.6487228311E+032
  6.4584218114E+010  2.2396658980E+001  4.6766789649E+032
  6.4595507597E+010  2.2580911604E+001  4.7048014977E+032
  6.4606826604E+010  2.2673363595E+001  4.7330914197E+032
  6.4618201062E+010  2.2714530655E+001  4.7615497274E+032
  6.4629631201E+010  2.2755942746E+001  4.7901774229E+032
  6.4641117255E+010  2.2797601329E+001  4.8189755146E+032
  6.4652659459E+010  2.2839507869E+001  4.8479450165E+032
  6.4664258046E+010  2.2881663842E+001  4.8770869491E+032
  6.4675913254E+010  2.2924070735E+001  4.9064023385E+032
  6.4687625317E+010  2.2966730038E+001  4.9358922173E+032
  6.4699394473E+010  2.3009643257E+001  4.9655576241E+032
  6.4711220960E+010  2.3052811900E+001  4.9953996035E+032
  6.4723105017E+010  2.3096237490E+001  5.0254192067E+032
  6.4735046884E+010  2.3139921555E+001  5.0556174908E+032
  6.4747046800E+010  2.3183865633E+001  5.0859955193E+032
  6.4759105009E+010  2.3228071273E+001  5.1165543622E+032
  6.4771221750E+010  2.3272540031E+001  5.1472950956E+032
  6.4783397268E+010  2.3317273474E+001  5.1782188022E+032
  6.4795631807E+010  2.3362273176E+001  5.2093265711E+032
  6.4807925610E+010  2.3407540723E+001  5.2406194979E+032
  6.4820278924E+010  2.3453077709E+001  5.2720986846E+032
  6.4832691995E+010  2.3498885737E+001  5.3037652398E+032
  6.4845165071E+010  2.3544966422E+001  5.3356202789E+032
  6.4857698399E+010  2.3591321385E+001  5.3676649237E+032
  6.4870292228E+010  2.3637952259E+001  5.3999003028E+032
  6.4882946809E+010  2.3684860687E+001  5.4323275514E+032
  6.4895662392E+010  2.3732048320E+001  5.4649478116E+032
  6.4908439229E+010  2.3779516821E+001  5.4977622322E+032
  6.4921277573E+010  2.3827267862E+001  5.5307719689E+032
  6.4934173743E+010  2.3882583755E+001  5.5639781842E+032
  6.4947126459E+010  2.3940976145E+001  5.5973820476E+032
  6.4960135915E+010  2.3999716096E+001  5.6309847355E+032
  6.4973202303E+010  2.4058805675E+001  5.6647874314E+032
  6.4986325815E+010  2.4118246963E+001  5.6987913258E+032
  6.4999506647E+010  2.4178042055E+001  5.7329976161E+032
  6.5012744993E+010  2.4238193055E+001  5.7674075071E+032
  6.5026041046E+010  2.4298702083E+001  5.8020222107E+032
  6.5039395004E+010  2.4359571269E+001  5.8368429458E+032
  6.5052807060E+010  2.4420802757E+001  5.8718709390E+032
  6.5066277413E+010  2.4482398703E+001  5.9071074237E+032
  6.5079806258E+010  2.4544361277E+001  5.9425536409E+032
  6.5093393794E+010  2.4606692661E+001  5.9782108391E+032
  6.5107040218E+010  2.4669395051E+001  6.0140802740E+032
  6.5120760955E+010  2.4705035289E+001  6.0501632088E+032
  6.5134560880E+010  2.4732857459E+001  6.0864609143E+032
  6.5148440456E+010  2.4760845231E+001  6.1229746690E+032
  6.5162400149E+010  2.4788999590E+001  6.1597057587E+032
  6.5176440430E+010  2.4817321527E+001  6.1966554770E+032
  6.5190561771E+010  2.4845812041E+001  6.2338251253E+032
  6.5204764649E+010  2.4874472134E+001  6.2712160126E+032
  6.5219049543E+010  2.4903302817E+001  6.3088294557E+032
  6.5233416936E+010  2.4932305103E+001  6.3466667794E+032
  6.5247867312E+010  2.4961480016E+001  6.3847293163E+032
  6.5262401161E+010  2.4990828581E+001  6.4230184067E+032
  6.5277018975E+010  2.5020351834E+001  6.4615353992E+032
  6.5291721250E+010  2.5050050813E+001  6.5002816503E+032
  6.5306508483E+010  2.5079926564E+001  6.5392585246E+032
  6.5321381178E+010  2.5109980140E+001  6.5784673948E+032
  6.5336339840E+010  2.5140212600E+001  6.6179096417E+032
  6.5351384978E+010  2.5170625007E+001  6.6575866545E+032
  6.5366517105E+010  2.5201218433E+001  6.6974998304E+032
  6.5381736735E+010  2.5231993956E+001  6.7376505753E+032
  6.5397044390E+010  2.5262952659E+001  6.7780403030E+032
  6.5412440591E+010  2.5294095632E+001  6.8186704362E+032
  6.5427925865E+010  2.5325423973E+001  6.8595424056E+032
  6.5443500743E+010  2.5356938784E+001  6.9006576509E+032
  6.5459078268E+010  2.5531158126E+001  6.9420176198E+032
  6.5474653882E+010  2.5714112997E+001  6.9836237692E+032
  6.5490227727E+010  2.5898156842E+001  7.0254775643E+032
  6.5505799941E+010  2.6083296142E+001  7.0675804790E+032
  6.5521370664E+010  2.6269537417E+001  7.1099339963E+032
  6.5536940035E+010  2.6456887227E+001  7.1525396078E+032
  6.5552508189E+010  2.6645352169E+001  7.1953988138E+032
  6.5568075264E+010  2.6834938881E+001  7.2385131240E+032
  6.5583641394E+010  2.7025654041E+001  7.2818840566E+032
  6.5599206713E+010  2.7217504364E+001  7.3255131391E+032
  6.5614771356E+010  2.7410496607E+001  7.3694019082E+032
  6.5630335453E+010  2.7604637567E+001  7.4135519094E+032
  6.5646024307E+010  2.7578261313E+001  7.4579646976E+032
  6.5661899089E+010  2.7447791010E+001  7.5026418371E+032
  6.5677963043E+010  2.7316544129E+001  7.5475849012E+032
  6.5694219494E+010  2.7184516048E+001  7.5927954729E+032
  6.5710671849E+010  2.7051702117E+001  7.6382751442E+032
  6.5727323601E+010  2.6918097659E+001  7.6840255170E+032
  6.5744178332E+010  2.6783697969E+001  7.7300482025E+032
  6.5761239715E+010  2.6648498312E+001  7.7763448216E+032
  6.5778511518E+010  2.6512493928E+001  7.8229170046E+032
  6.5795997606E+010  2.6375680026E+001  7.8697663919E+032
  6.5813701948E+010  2.6238051789E+001  7.9168946335E+032
  6.5831561870E+010  2.6197079358E+001  7.9643033889E+032
  6.5849385006E+010  2.6440615548E+001  8.0119943280E+032
  6.5867171942E+010  2.6685601301E+001  8.0599691304E+032
  6.5884923256E+010  2.6932045243E+001  8.1082294855E+032
  6.5902639516E+010  2.7179956054E+001  8.1567770931E+032
  6.5920321282E+010  2.7429342466E+001  8.2056136630E+032
  6.5937969104E+010  2.7680213261E+001  8.2547409150E+032
  6.5955583525E+010  2.7932577274E+001  8.3041605794E+032
  6.5973165078E+010  2.8186443394E+001  8.3538743967E+032
  6.5990737615E+010  2.8404091387E+001  8.4038841176E+032
  6.6008405720E+010  2.8454103806E+001  8.4541915035E+032
  6.6026169915E+010  2.8504413906E+001  8.5047983261E+032
  6.6044030730E+010  2.8555023459E+001  8.5557063676E+032
  6.6061988693E+010  2.8605934248E+001  8.6069174210E+032
  6.6080044340E+010  2.8657148064E+001  8.6584332899E+032
  6.6098198208E+010  2.8708666712E+001  8.7102557885E+032
  6.6116450839E+010  2.8760492007E+001  8.7623867420E+032
  6.6134802778E+010  2.8812625773E+001  8.8148279863E+032
  6.6153254573E+010  2.8865069847E+001  8.8675813683E+032
  6.6171806779E+010  2.8917826075E+001  8.9206487459E+032
  6.6190459950E+010  2.8970896316E+001  8.9740319880E+032
  6.6209214648E+010  2.9024282438E+001  9.0277329748E+032
  6.6228071437E+010  2.9077986323E+001  9.0817535975E+032
  6.6247030885E+010  2.9132009860E+001  9.1360957586E+032
  6.6266093928E+010  2.9185797571E+001  9.1907613719E+032
  6.6285275274E+010  2.9218385383E+001  9.2457523626E+032
  6.6304575737E+010  2.9251167163E+001  9.3010706676E+032
  6.6323996136E+010  2.9284144064E+001  9.3567182349E+032
  6.6343537297E+010  2.9317317249E+001  9.4126970245E+032
  6.6363200054E+010  2.9350687885E+001  9.4690090077E+032
  6.6382985250E+010  2.9384257148E+001  9.5256561678E+032
  6.6402893732E+010  2.9418026220E+001  9.5826404999E+032
  6.6422926357E+010  2.9451996290E+001  9.6399640107E+032
  6.6443083991E+010  2.9486168555E+001  9.6976287193E+032
  6.6463367504E+010  2.9520544218E+001  9.7556366563E+032
  6.6483777776E+010  2.9555124490E+001  9.8139898648E+032
  6.6504305250E+010  2.9604958011E+001  9.8726903999E+032
  6.6524950486E+010  2.9655320157E+001  9.9317403289E+032
  6.6545714210E+010  2.9705982067E+001  9.9911417314E+032
  6.6566597154E+010  2.9756945523E+001  1.0050896699E+033
  6.6587600056E+010  2.9808212320E+001  1.0111007338E+033
  6.6608723661E+010  2.9859784265E+001  1.0171475763E+033
  6.6629968717E+010  2.9911663174E+001  1.0232304104E+033
  6.6651335982E+010  2.9963850873E+001  1.0293494505E+033
  6.6672826219E+010  3.0016349201E+001  1.0355049120E+033
  6.6694440195E+010  3.0069160006E+001  1.0416970116E+033
  6.6716178687E+010  3.0122285148E+001  1.0479259675E+033
  6.6738042477E+010  3.0175726499E+001  1.0541919990E+033
  6.6760032354E+010  3.0229485941E+001  1.0604953269E+033
  6.6782154491E+010  3.0276207269E+001  1.0668361730E+033
  6.6804413847E+010  3.0317669018E+001  1.0732147607E+033
  6.6826811386E+010  3.0359377553E+001  1.0796313148E+033
  6.6849348083E+010  3.0401334343E+001  1.0860860610E+033
  6.6872024922E+010  3.0443540867E+001  1.0925792268E+033
  6.6894842895E+010  3.0485998609E+001  1.0991110408E+033
  6.6917803007E+010  3.0528709066E+001  1.1056817332E+033
  6.6940906269E+010  3.0571673741E+001  1.1122915352E+033
  6.6964146519E+010  3.0624350409E+001  1.1189406797E+033
  6.6987512739E+010  3.0692990416E+001  1.1256294009E+033
  6.7011005669E+010  3.0762038977E+001  1.1323579342E+033
  6.7034626058E+010  3.0831498526E+001  1.1391265168E+033
  6.7058374657E+010  3.0901371507E+001  1.1459353869E+033
  6.7082252227E+010  3.0971660383E+001  1.1527847844E+033
  6.7106259535E+010  3.1042367628E+001  1.1596749504E+033
  6.7130397353E+010  3.1113495732E+001  1.1666061277E+033
  6.7154667374E+010  3.1183876041E+001  1.1735785604E+033
  6.7179088780E+010  3.1231168986E+001  1.1805924939E+033
  6.7203662667E+010  3.1278743426E+001  1.1876481754E+033
  6.7228390143E+010  3.1326601036E+001  1.1947458533E+033
  6.7253272324E+010  3.1374743501E+001  1.2018857776E+033
  6.7278310340E+010  3.1423172516E+001  1.2090681997E+033
  6.7303505332E+010  3.1471889788E+001  1.2162933727E+033
  6.7328858453E+010  3.1520897033E+001  1.2235615508E+033
  6.7354343760E+010  3.1603743543E+001  1.2308729902E+033
  6.7379954641E+010  3.1696202755E+001  1.2382279483E+033
  6.7405691777E+010  3.1789212297E+001  1.2456266842E+033
  6.7431555852E+010  3.1882775445E+001  1.2530694584E+033
  6.7457547561E+010  3.1976895495E+001  1.2605565331E+033
  6.7483667602E+010  3.2071575760E+001  1.2680881718E+033
  6.7509916680E+010  3.2166819575E+001  1.2756646400E+033
  6.7536295506E+010  3.2262630295E+001  1.2832862044E+033
  6.7562804800E+010  3.2359011294E+001  1.2909531334E+033
  6.7589445285E+010  3.2455965967E+001  1.2986656970E+033
  6.7616227479E+010  3.2541613991E+001  1.3064241669E+033
  6.7643305547E+010  3.2443238121E+001  1.3142288164E+033
  6.7670684174E+010  3.2344276703E+001  1.3220799202E+033
  6.7698368152E+010  3.2244726254E+001  1.3299777549E+033
  6.7726362380E+010  3.2144583265E+001  1.3379225986E+033
  6.7754671867E+010  3.2043844212E+001  1.3459147311E+033
  6.7783301737E+010  3.1942505545E+001  1.3539544340E+033
  6.7812257231E+010  3.1840563697E+001  1.3620419903E+033
  6.7841543710E+010  3.1738015076E+001  1.3701776849E+033
  6.7871098832E+010  3.1707375650E+001  1.3783618043E+033
  6.7900727836E+010  3.1888116792E+001  1.3865946368E+033
  6.7930431106E+010  3.2069933732E+001  1.3948764722E+033
  6.7960209032E+010  3.2252832872E+001  1.4032076023E+033
  6.7990062006E+010  3.2436820653E+001  1.4115883204E+033
  6.8019990424E+010  3.2621903555E+001  1.4200189218E+033
  6.8049996276E+010  3.2806353071E+001  1.4284997033E+033
  6.8080110298E+010  3.2958710147E+001  1.4370309636E+033
  6.8110333030E+010  3.3111974074E+001  1.4456130032E+033
  6.8140665017E+010  3.3266150249E+001  1.4542461243E+033
  6.8171106809E+010  3.3421244103E+001  1.4629306310E+033
  6.8201658963E+010  3.3577261097E+001  1.4716668290E+033
  6.8232322043E+010  3.3734206727E+001  1.4804550262E+033
  6.8263178054E+010  3.3802743613E+001  1.4892955320E+033
  6.8294284564E+010  3.3810728302E+001  1.4981886577E+033
  6.8325644265E+010  3.3818760517E+001  1.5071347165E+033
  6.8357259888E+010  3.3826840541E+001  1.5161340236E+033
  6.8389134207E+010  3.3834968659E+001  1.5251868958E+033
  6.8421270040E+010  3.3843145156E+001  1.5342936520E+033
  6.8453670248E+010  3.3851370320E+001  1.5434546129E+033
  6.8486337737E+010  3.3859644442E+001  1.5526701011E+033
  6.8519346849E+010  3.3794815248E+001  1.5619404412E+033
  6.8552738061E+010  3.3693891089E+001  1.5712659597E+033
  6.8586517830E+010  3.3592366216E+001  1.5806469850E+033
  6.8620692769E+010  3.3490237053E+001  1.5900838475E+033
  6.8655269651E+010  3.3387500002E+001  1.5995768795E+033
  6.8690129367E+010  3.3404337760E+001  1.6091264154E+033
  6.8725207906E+010  3.3485155634E+001  1.6187327915E+033
  6.8760507084E+010  3.3566454548E+001  1.6283963462E+033
  6.8796028741E+010  3.3648237364E+001  1.6381174196E+033
  6.8831774740E+010  3.3730506963E+001  1.6478963543E+033
  6.8867746973E+010  3.3813266243E+001  1.6577334945E+033
  6.8903947356E+010  3.3896518117E+001  1.6676291869E+033
  6.8940409122E+010  3.3951147419E+001  1.6775837798E+033
  6.8977135428E+010  3.4005535875E+001  1.6875976238E+033
  6.9014128874E+010  3.4060248058E+001  1.6976710716E+033
  6.9051392096E+010  3.4115285895E+001  1.7078044781E+033
  6.9088922356E+010  3.4175574290E+001  1.7179982000E+033
  6.9126692510E+010  3.4263151701E+001  1.7282525964E+033
  6.9164704664E+010  3.4351250385E+001  1.7385680284E+033
  6.9202960955E+010  3.4439873445E+001  1.7489448593E+033
  6.9241463554E+010  3.4529024002E+001  1.7593834546E+033
  6.9280208627E+010  3.4624086788E+001  1.7698841819E+033
  6.9319195305E+010  3.4722386301E+001  1.7804474110E+033
  6.9358425708E+010  3.4821270906E+001  1.7910735139E+033
  6.9397901984E+010  3.4920744086E+001  1.8017628649E+033
  6.9437609832E+010  3.5035323204E+001  1.8125158405E+033
  6.9477525700E+010  3.5173019476E+001  1.8233328192E+033
  6.9517651247E+010  3.5311535336E+001  1.8342141822E+033
  6.9557988155E+010  3.5450875662E+001  1.8451603126E+033
  6.9598538134E+010  3.5591045362E+001  1.8561715959E+033
  6.9639302919E+010  3.5732049371E+001  1.8672484199E+033
  6.9680284270E+010  3.5873892656E+001  1.8783911747E+033
  6.9721798333E+010  3.5744309024E+001  1.8896002528E+033
  6.9763875801E+010  3.5596872346E+001  1.9008760489E+033
  6.9806528341E+010  3.5448558104E+001  1.9122189602E+033
  6.9849761649E+010  3.5304516071E+001  1.9236293861E+033
  6.9893430161E+010  3.5286321361E+001  1.9351077284E+033
  6.9937540279E+010  3.5268018353E+001  1.9466543915E+033
  6.9982098542E+010  3.5249606403E+001  1.9582697819E+033
  7.0027134512E+010  3.5213222694E+001  1.9699543088E+033
  7.0072690584E+010  3.5149785217E+001  1.9817083836E+033
  7.0118775740E+010  3.5085970151E+001  1.9935324204E+033
  7.0165399188E+010  3.5021775249E+001  2.0054268355E+033
  7.0212420699E+010  3.5068249649E+001  2.0173920478E+033
  7.0259825647E+010  3.5129549744E+001  2.0294284788E+033
  7.0307618718E+010  3.5191214706E+001  2.0415365523E+033
  7.0355760420E+010  3.5285602850E+001  2.0537166948E+033
  7.0404201003E+010  3.5419684672E+001  2.0659693353E+033
  7.0452943559E+010  3.5554564568E+001  2.0782949052E+033
  7.0501987229E+010  3.5693158162E+001  2.0906938386E+033
  7.0551298768E+010  3.5858964518E+001  2.1031665722E+033
  7.0600880901E+010  3.6025757776E+001  2.1157135453E+033
  7.0650764043E+010  3.6173527004E+001  2.1283351998E+033
  7.0701007176E+010  3.6281925171E+001  2.1410319801E+033
  7.0751614472E+010  3.6390968539E+001  2.1538043335E+033
  7.0802622856E+010  3.6477330915E+001  2.1666527098E+033
  7.0854065679E+010  3.6544102891E+001  2.1795775613E+033
  7.0905948692E+010  3.6611272303E+001  2.1925793435E+033
  7.0958456545E+010  3.6554241495E+001  2.2056585141E+033
  7.1011645742E+010  3.6466108583E+001  2.2188155337E+033
  7.1065614264E+010  3.6320765689E+001  2.2320508659E+033
  7.1120579431E+010  3.6043639191E+001  2.2453649765E+033
  7.1176571070E+010  3.5764863197E+001  2.2587583347E+033
  7.1233142724E+010  3.5783249284E+001  2.2722314120E+033
  7.1289724551E+010  3.6167372029E+001  2.2857846830E+033
  7.1346320143E+010  3.6553781128E+001  2.2994186250E+033
  7.1403025593E+010  3.6882365778E+001  2.3131337181E+033
  7.1460245130E+010  3.6952608982E+001  2.3269304454E+033
  7.1517986325E+010  3.7023270283E+001  2.3408092928E+033
  7.1576256933E+010  3.7094352170E+001  2.3547707491E+033
  7.1635014440E+010  3.7197689330E+001  2.3688153059E+033
  7.1694237244E+010  3.7319559223E+001  2.3829434579E+033
  7.1753931812E+010  3.7442154502E+001  2.3971557027E+033
  7.1814139780E+010  3.7543692627E+001  2.4114525407E+033
  7.1875066056E+010  3.7524226424E+001  2.4258344756E+033
  7.1936724328E+010  3.7504644356E+001  2.4403020138E+033
  7.1999233382E+010  3.7422339419E+001  2.4548556648E+033
  7.2062862605E+010  3.7192899857E+001  2.4694959412E+033
  7.2127644630E+010  3.6962094638E+001  2.4842233586E+033
  7.2193226466E+010  3.6946024901E+001  2.4990384357E+033
  7.2259290246E+010  3.7115982580E+001  2.5139416942E+033
  7.2325645524E+010  3.7397718970E+001  2.5289336591E+033
  7.2392137054E+010  3.7771729752E+001  2.5440148582E+033
  7.2459167755E+010  3.7922200668E+001  2.5591858228E+033
  7.2526915022E+010  3.7978941165E+001  2.5744470871E+033
  7.2595391952E+010  3.8036019390E+001  2.5897991886E+033
  7.2664612031E+010  3.8093437352E+001  2.6052426680E+033
  7.2733372652E+010  3.8823971077E+001  2.6207780691E+033
  7.2801601778E+010  3.9611044794E+001  2.6364059392E+033
  7.2868140814E+010  4.1116837579E+001  2.6521268286E+033
  7.2933120149E+010  4.2616076301E+001  2.6679412909E+033
  7.2996797418E+010  4.4011543841E+001  2.6838498831E+033
  7.3059243763E+010  4.5415317401E+001  2.6998531656E+033
  7.3120556038E+010  4.6803611470E+001  2.7159517018E+033
  7.3180887252E+010  4.8124475116E+001  2.7321460589E+033
  7.3240283987E+010  4.9453200730E+001  2.7484368070E+033
  7.3298707367E+010  5.0861212702E+001  2.7648245199E+033
  7.3355883982E+010  5.2569285773E+001  2.7813097749E+033
  7.3411883426E+010  5.4287525536E+001  2.7978931524E+033
  7.3466666480E+010  5.6121225400E+001  2.8145752366E+033
  7.3520260192E+010  5.8010277549E+001  2.8313566148E+033
  7.3572740128E+010  5.9900219641E+001  2.8482378783E+033
  7.3624400620E+010  6.1522093800E+001  2.8652196213E+033
  7.3675278738E+010  6.3153621584E+001  2.8823024422E+033
  7.3725409164E+010  6.4794860452E+001  2.8994869424E+033
  7.3774591021E+010  6.6760405413E+001  2.9167737271E+033
  7.3822856360E+010  6.8760006360E+001  2.9341634053E+033
  7.3870107550E+010  7.0985504465E+001  2.9516565893E+033
  7.3916275399E+010  7.3419920703E+001  2.9692538952E+033
  7.3961421558E+010  7.5868826932E+001  2.9869559427E+033
  7.4006165890E+010  7.7348272115E+001  3.0047633554E+033
  7.4050537121E+010  7.8809624321E+001  3.0226767603E+033
  7.4094547552E+010  8.0279674702E+001  3.0406967883E+033
  7.4138235622E+010  8.1708697651E+001  3.0588240741E+033
  7.4181655371E+010  8.3062517186E+001  3.0770592561E+033
  7.4224815063E+010  8.4424394848E+001  3.0954029764E+033
  7.4267722668E+010  8.5794378598E+001  3.1138558812E+033
  7.4310650933E+010  8.6635437083E+001  3.1324186202E+033
  7.4353694049E+010  8.7294724116E+001  3.1510918474E+033
  7.4396853766E+010  8.7957935319E+001  3.1698762202E+033
  7.4440131854E+010  8.8625094049E+001  3.1887724002E+033
  7.4483532204E+010  8.9291913878E+001  3.2077810530E+033
  7.4527261569E+010  8.9542025703E+001  3.2269028480E+033
  7.4571323968E+010  8.9793626230E+001  3.2461384587E+033
  7.4615723507E+010  9.0046724318E+001  3.2654885624E+033
  7.4660464378E+010  9.0301328882E+001  3.2849538407E+033
  7.4705545715E+010  9.0567760724E+001  3.3045349790E+033
  7.4750917569E+010  9.0944069412E+001  3.3242326671E+033
  7.4796583339E+010  9.1322617943E+001  3.3440475986E+033
  7.4842461812E+010  9.1872284174E+001  3.3639804714E+033
  7.4888502769E+010  9.2530883706E+001  3.3840319875E+033
  7.4934748341E+010  9.3113281429E+001  3.4042028530E+033
  7.4981344688E+010  9.3411026698E+001  3.4244937784E+033
  7.5028296330E+010  9.3710544189E+001  3.4449054782E+033
  7.5075607887E+010  9.4011844450E+001  3.4654386714E+033
  7.5123284087E+010  9.4314938093E+001  3.4860940810E+033
  7.5171398795E+010  9.4484418036E+001  3.5068724346E+033
  7.5219999820E+010  9.4574738305E+001  3.5277744639E+033
  7.5269095015E+010  9.4665596173E+001  3.5488009050E+033
  7.5318692436E+010  9.4756994839E+001  3.5699524985E+033
  7.5368771096E+010  9.4904193908E+001  3.5912299892E+033
  7.5419297114E+010  9.5130167537E+001  3.6126341266E+033
  7.5470281385E+010  9.5349732288E+001  3.6341656645E+033
  7.5521742309E+010  9.5549523351E+001  3.6558253611E+033
  7.5573688636E+010  9.5748184072E+001  3.6776139793E+033
  7.5626139322E+010  9.5927525342E+001  3.6995322864E+033
  7.5679102595E+010  9.6107934075E+001  3.7215810544E+033
  7.5732589325E+010  9.6285074086E+001  3.7437610598E+033
  7.5786608473E+010  9.6462884089E+001  3.7660730838E+033
  7.5841179329E+010  9.6623581534E+001  3.7885179120E+033
  7.5896315301E+010  9.6778474415E+001  3.8110963351E+033
  7.5952019246E+010  9.6946562194E+001  3.8338091481E+033
  7.6008295401E+010  9.7125582755E+001  3.8566571511E+033
  7.6065150216E+010  9.7311949089E+001  3.8796411485E+033
  7.6122588944E+010  9.7507994279E+001  3.9027619500E+033
  7.6180632460E+010  9.7687763536E+001  3.9260203698E+033
  7.6239307153E+010  9.7843177978E+001  3.9494172269E+033
  7.6298597802E+010  9.8044218117E+001  3.9729533455E+033
  7.6358500026E+010  9.8272323015E+001  3.9966295544E+033
  7.6419052652E+010  9.8457213309E+001  4.0204466874E+033
  7.6480285366E+010  9.8615642033E+001  4.0444055834E+033
  7.6542253851E+010  9.8707952879E+001  4.0685070862E+033
  7.6604979562E+010  9.8791231746E+001  4.0927520445E+033
  7.6668832769E+010  9.8328550227E+001  4.1171413122E+033
  7.6733914211E+010  9.7762701797E+001  4.1416757483E+033
  7.6800336074E+010  9.7087430542E+001  4.1663562168E+033
  7.6868227511E+010  9.6290908225E+001  4.1911835870E+033
  7.6937580646E+010  9.5575566402E+001  4.2161587332E+033
  7.7008223504E+010  9.5156912863E+001  4.2412825350E+033
  7.7079459726E+010  9.5711757253E+001  4.2665558773E+033
  7.7150945270E+010  9.6747938762E+001  4.2919796500E+033
  7.7222327918E+010  9.8283347603E+001  4.3175547487E+033
  7.7294229039E+010  9.8986390246E+001  4.3432820740E+033
  7.7367043307E+010  9.9171188908E+001  4.3691625319E+033
  7.7440873782E+010  9.9248276626E+001  4.3951970340E+033
  7.7515831079E+010  9.9214115010E+001  4.4213864972E+033
  7.7591952033E+010  9.9171923237E+001  4.4477318437E+033
  7.7669213669E+010  9.9200259909E+001  4.4742340015E+033
  7.7747742069E+010  9.9109573751E+001  4.5008939039E+033
  7.7827512140E+010  9.9095435336E+001  4.5277124898E+033
  7.7908541710E+010  9.9103264277E+001  4.5546907037E+033
  7.7990892610E+010  9.9081115608E+001  4.5818294958E+033
  7.8074584826E+010  9.9082113671E+001  4.6091298218E+033
  7.8159633963E+010  9.9112203822E+001  4.6365926432E+033
  7.8246088415E+010  9.9134573457E+001  4.6642189272E+033
  7.8333921966E+010  9.9235789932E+001  4.6920096468E+033
  7.8423349127E+010  9.9147801197E+001  4.7199657806E+033
  7.8514593106E+010  9.8876550707E+001  4.7480883134E+033
  7.8607566254E+010  9.8767007043E+001  4.7763782354E+033
  7.8702247301E+010  9.8742528451E+001  4.8048365431E+033
  7.8798648638E+010  9.8766558248E+001  4.8334642386E+033
  7.8896996539E+010  9.8042183430E+001  4.8620919342E+033
  7.8995360032E+010  9.6987516213E+001  4.8900548405E+033
  7.9093757027E+010  9.5935002634E+001  4.9173683953E+033
  7.9192262354E+010  9.4830698607E+001  4.9440476778E+033
  7.9290864581E+010  9.3759370083E+001  4.9701074169E+033
  7.9389166056E+010  9.3082014008E+001  4.9955619996E+033
  7.9485607636E+010  9.3898898443E+001  5.0204254788E+033
  7.9580423795E+010  9.4509631014E+001  5.0447115810E+033
  7.9675223180E+010  9.3535057797E+001  5.0684337140E+033
  7.9770025371E+010  9.2559144398E+001  5.0916049743E+033
  7.9864857225E+010  9.1575512522E+001  5.1142381541E+033
  7.9959677726E+010  9.0649508861E+001  5.1363457487E+033
  8.0054358974E+010  8.9861030638E+001  5.1579399631E+033
  8.0148896903E+010  8.9089569855E+001  5.1790327191E+033
  8.0243284742E+010  8.8337359561E+001  5.1996356614E+033
  8.0337422605E+010  8.7690101686E+001  5.2197601645E+033
  8.0431377279E+010  8.6991567383E+001  5.2394173386E+033
  8.0525274432E+010  8.6189882470E+001  5.2586180359E+033
  8.0619122171E+010  8.5395551624E+001  5.2773728568E+033
  8.0712911545E+010  8.4623974136E+001  5.2956921553E+033
  8.0806653112E+010  8.3857332675E+001  5.3135860450E+033
  8.0900351690E+010  8.3100886114E+001  5.3310644049E+033
  8.0994016823E+010  8.2350513948E+001  5.3481368841E+033
  8.1087656204E+010  8.1607989094E+001  5.3648129082E+033
  8.1181273936E+010  8.0876496986E+001  5.3811016834E+033
  8.1274871813E+010  8.0157981900E+001  5.3970122025E+033
  8.1368442258E+010  7.9460248061E+001  5.4125532493E+033
  8.1461976822E+010  7.8783615533E+001  5.4277334035E+033
  8.1555485605E+010  7.8112280354E+001  5.4425610460E+033
  8.1648965269E+010  7.7457488978E+001  5.4570443625E+033
  8.1742400122E+010  7.6829076059E+001  5.4711913491E+033
  8.1835792710E+010  7.6211657068E+001  5.4850098159E+033
  8.1929140169E+010  7.5609540637E+001  5.4985073917E+033
  8.2022440279E+010  7.5022011366E+001  5.5116915284E+033
  8.2115693496E+010  7.4446776497E+001  5.5245695045E+033
  8.2208902149E+010  7.3882274123E+001  5.5371484296E+033
  8.2302071719E+010  7.3326011212E+001  5.5494352484E+033
  8.2395194513E+010  7.2788268452E+001  5.5614367439E+033
  8.2488264107E+010  7.2267761105E+001  5.5731595421E+033
  8.2581286549E+010  7.1754685195E+001  5.5846101147E+033
  8.2674275626E+010  7.1243247744E+001  5.5957947834E+033
  8.2767242180E+010  7.0735979536E+001  5.6067197230E+033
  8.2860209371E+010  7.0223881088E+001  5.6173909648E+033
  8.2953190808E+010  6.9714640252E+001  5.6278144002E+033
  8.3046177571E+010  6.9225207008E+001  5.6379957838E+033
  8.3139213289E+010  6.8716750185E+001  5.6479407363E+033
  8.3232340780E+010  6.8191083631E+001  5.6576547483E+033
  8.3325607033E+010  6.7646465738E+001  5.6671431826E+033
  8.3419047902E+010  6.7092271909E+001  5.6764112775E+033
  8.3512690403E+010  6.6535838982E+001  5.6854641497E+033
  8.3606577993E+010  6.5966531098E+001  5.6943067971E+033
  8.3700745800E+010  6.5391513609E+001  5.7029441015E+033
  8.3795177635E+010  6.4846836786E+001  5.7113808314E+033
  8.3889793139E+010  6.4375037917E+001  5.7196216445E+033
  8.3984552354E+010  6.3946507995E+001  5.7276710903E+033
  8.4079504144E+010  6.3501155093E+001  5.7355336128E+033
  8.4174751719E+010  6.3004804780E+001  5.7432135526E+033
  8.4270336029E+010  6.2501208249E+001  5.7507151498E+033
  8.4366173765E+010  6.2071314769E+001  5.7580425456E+033
  8.4462364447E+010  6.1596349275E+001  5.7651997855E+033
  8.4558977495E+010  6.1098516682E+001  5.7721908208E+033
  8.4656078168E+010  6.0582814253E+001  5.7790195110E+033
  8.4753733903E+010  6.0050269782E+001  5.7856896261E+033
  8.4852029131E+010  5.9493210040E+001  5.7922048485E+033
  8.4951049389E+010  5.8914276089E+001  5.7985687751E+033
  8.5050875808E+010  5.8319445486E+001  5.8047849194E+033
  8.5151600852E+010  5.7705596620E+001  5.8108567130E+033
  8.5253289334E+010  5.7091954043E+001  5.8167875081E+033
  8.5356038016E+010  5.6463746557E+001  5.8225805790E+033
  8.5459950141E+010  5.5821668781E+001  5.8282391237E+033
  8.5565107145E+010  5.5181500487E+001  5.8337662664E+033
  8.5671610175E+010  5.4536648758E+001  5.8391650584E+033
  8.5779599342E+010  5.3872264714E+001  5.8444384802E+033
  8.5889296782E+010  5.3155457614E+001  5.8495894432E+033
  8.6000983070E+010  5.2370149850E+001  5.8546207911E+033
  8.6114883311E+010  5.1555786287E+001  5.8595353016E+033
  8.6231130390E+010  5.0763368731E+001  5.8643356879E+033
  8.6349876264E+010  4.9990493178E+001  5.8690246002E+033
  8.6471450885E+010  4.9172633497E+001  5.8736046270E+033
  8.6596362497E+010  4.8258964639E+001  5.8780782969E+033
  8.6725029533E+010  4.7310623293E+001  5.8824480798E+033
  8.6857717021E+010  4.6402356448E+001  5.8867163881E+033
  8.6994838909E+010  4.5496645701E+001  5.8908855782E+033
  8.7137102027E+010  4.4523391125E+001  5.8949579518E+033
  8.7285299326E+010  4.3496249539E+001  5.8989357572E+033
  8.7440171382E+010  4.2471899001E+001  5.9028211904E+033
  8.7602632102E+010  4.1443586809E+001  5.9066163966E+033
  8.7773930169E+010  4.0379671755E+001  5.9103234708E+033
  8.7955772214E+010  3.9248265088E+001  5.9139444598E+033
  8.8150605230E+010  3.7999442247E+001  5.9174813626E+033
  8.8361016540E+010  3.6743662799E+001  5.9209361319E+033
  8.8590416008E+010  3.5487931739E+001  5.9243106748E+033
  8.8844006673E+010  3.4168929138E+001  5.9276068545E+033
  8.9130014447E+010  3.2721110456E+001  5.9308264907E+033
  8.9460792394E+010  3.1201971327E+001  5.9339713608E+033
  8.9858543669E+010  2.9550012807E+001  5.9370432011E+033
  9.0369244085E+010  2.7712429510E+001  5.9400437075E+033
  9.1122534859E+010  2.5571593893E+001  5.9429745364E+033
  9.4213826655E+010  2.3026501742E+001  5.9458373060E+033
