 0001  0.3114055803953587E-003
 0002  0.3114055803953588E-003
 0003  0.3114055803953588E-003
 0004  0.3114055803953589E-003
 0005  0.3114055803953589E-003
 0006  0.3097521922219097E-003
 0007  0.3097521922219097E-003
 0008  0.3097521922219097E-003
 0009  0.3097521922219097E-003
 0010  0.3097521922219097E-003
 0011  0.3097521922219097E-003
 0012  0.3097521922219097E-003
 0013  0.3081021365868556E-003
 0014  0.3081021365868557E-003
 0015  0.3081021365868557E-003
 0016  0.3081021365868557E-003
 0017  0.3081021365868557E-003
 0018  0.3063588397899371E-003
 0019  0.3063588397899371E-003
 0020  0.3063588397899372E-003
 0021  0.3063588397899372E-003
 0022  0.3063588397899372E-003
 0023  0.3063588397899373E-003
 0024  0.3045089102112038E-003
 0025  0.3045089102112038E-003
 0026  0.3045089102112039E-003
 0027  0.3045089102112039E-003
 0028  0.3025705622279965E-003
 0029  0.3025705622279965E-003
 0030  0.3025705622279964E-003
 0031  0.3025705622279964E-003
 0032  0.3025705622279964E-003
 0033  0.3005273960896142E-003
 0034  0.3005273960896142E-003
 0035  0.3005273960896142E-003
 0036  0.3005273960896143E-003
 0037  0.2983877767864844E-003
 0038  0.2983877767864843E-003
 0039  0.2983877767864842E-003
 0040  0.2961677074329670E-003
 0041  0.2961677074329669E-003
 0042  0.2961677074329669E-003
 0043  0.2961677074329668E-003
 0044  0.2938453483008065E-003
 0045  0.2938453483008066E-003
 0046  0.2938453483008066E-003
 0047  0.2914400250379175E-003
 0048  0.2914400250379176E-003
 0049  0.2914400250379175E-003
 0050  0.2889482870614686E-003
 0051  0.2889482870614686E-003
 0052  0.2889482870614686E-003
 0053  0.2862560029069779E-003
 0054  0.2862560029069778E-003
 0055  0.2862560029069778E-003
 0056  0.2835422295459338E-003
 0057  0.2835422295459338E-003
 0058  0.2835422295459338E-003
 0059  0.2808155197724846E-003
 0060  0.2808155197724846E-003
 0061  0.2808155197724846E-003
 0062  0.2780693476123371E-003
 0063  0.2780693476123371E-003
 0064  0.2753391273639685E-003
 0065  0.2753391273639686E-003
 0066  0.2725193599098591E-003
 0067  0.2725193599098590E-003
 0068  0.2697157632086646E-003
 0069  0.2697157632086646E-003
 0070  0.2669241060802137E-003
 0071  0.2669241060802137E-003
 0072  0.2641401182338629E-003
 0073  0.2641401182338629E-003
 0074  0.2613580548847081E-003
 0075  0.2613580548847081E-003
 0076  0.2584831975952307E-003
 0077  0.2556682651370066E-003
 0078  0.2556682651370066E-003
 0079  0.2528484373131665E-003
 0080  0.2500815836649579E-003
 0081  0.2500815836649579E-003
 0082  0.2473011546865852E-003
 0083  0.2444884689906147E-003
 0084  0.2444884689906146E-003
 0085  0.2416577727257344E-003
 0086  0.2388768108181368E-003
 0087  0.2361410844534361E-003
 0088  0.2333768766374016E-003
 0089  0.2333768766374016E-003
 0090  0.2305808303940693E-003
 0091  0.2278278476455943E-003
 0092  0.2251146626895743E-003
 0093  0.2224381865555267E-003
 0094  0.2197315415264161E-003
 0095  0.2170604155958468E-003
 0096  0.2144212074620064E-003
 0097  0.2118111265745997E-003
 0098  0.2091702120715160E-003
 0099  0.2040591742716513E-003
 0100  0.2015827399362281E-003
 0101  0.1990765777321615E-003
 0102  0.1965947870894662E-003
 0103  0.1941369170596301E-003
 0104  0.1893308998444224E-003
 0105  0.1869824195521403E-003
 0106  0.1846575053699427E-003
 0107  0.1823557548216946E-003
 0108  0.1800362394438511E-003
 0109  0.1755496247145623E-003
 0110  0.1733790068299497E-003
 0111  0.1711945001763901E-003
 0112  0.1690343190504080E-003
 0113  0.1668983076897698E-003
 0114  0.1627017045123277E-003
 0115  0.1606734809888402E-003
 0116  0.1586679012569592E-003
 0117  0.1566549447015996E-003
 0118  0.1527630331539886E-003
 0119  0.1508810999255365E-003
 0120  0.1489935913458050E-003
 0121  0.1471285276764829E-003
 0122  0.1452855351191365E-003
 0123  0.1416731598319816E-003
 0124  0.1399273237105233E-003
 0125  0.1381795990484840E-003
 0126  0.1364534110629886E-003
 0127  0.1330948953403435E-003
 0128  0.1314614004579710E-003
 0129  0.1298477074772421E-003
 0130  0.1282536003122673E-003
 0131  0.1251328659451248E-003
 0132  0.1236238315701963E-003
 0133  0.1221157979995910E-003
 0134  0.1206264535671430E-003
 0135  0.1177290801786741E-003
 0136  0.1163199205755570E-003
 0137  0.1149278969196004E-003
 0138  0.1135383277602205E-003
 0139  0.1108359904209063E-003
 0140  0.1095221198347299E-003
 0141  0.1082244091139527E-003
 0142  0.1069301325003715E-003
 0143  0.1044250725036041E-003
 0144  0.1032012043371589E-003
 0145  0.1019924849913860E-003
 0146  0.9964078385087383E-004
 0147  0.9849687224627522E-004
 0148  0.9735683926944511E-004
 0149  0.9623095691451877E-004
 0150  0.9404053645548878E-004
 0151  0.9297511984627326E-004
 0152  0.9191390193642896E-004
 0153  0.9086581785073892E-004
 0154  0.8882663885312470E-004
 0155  0.8783472535269768E-004
 0156  0.8684715217301906E-004
 0157  0.8493262967434894E-004
 0158  0.8399756519915000E-004
 0159  0.8307373220454971E-004
 0160  0.8126854302509738E-004
 0161  0.8038696163059532E-004
 0162  0.7951590845099034E-004
 0163  0.7781397731525639E-004
 0164  0.7698841291233578E-004
 0165  0.7616692639519632E-004
 0166  0.7535516083335492E-004
 0167  0.7376899003153996E-004
 0168  0.7299433262295458E-004
 0169  0.7222876665280134E-004
 0170  0.7073279184925820E-004
 0171  0.7000212313619072E-004
 0172  0.6927994172907191E-004
 0173  0.6786861287423568E-004
 0174  0.6717921298078484E-004
 0175  0.6649773447529780E-004
 0176  0.6516579824027083E-004
 0177  0.6451508506077341E-004
 0178  0.6324651687587997E-004
 0179  0.6262493807674538E-004
 0180  0.6201034086006986E-004
 0181  0.6080879752391366E-004
 0182  0.6022161729683150E-004
 0183  0.5964094499987357E-004
 0184  0.5850278885835902E-004
 0185  0.5794788400540391E-004
 0186  0.5739643088695599E-004
 0187  0.5632071327601058E-004
 0188  0.5579368758729923E-004
 0189  0.5476532748818007E-004
 0190  0.5426365308586284E-004
 0191  0.5376513028150113E-004
 0192  0.5279001182189889E-004
 0193  0.5231321449999864E-004
 0194  0.5138039130097477E-004
 0195  0.5092417570023893E-004
 0196  0.5047092413681224E-004
 0197  0.4958585990281883E-004
 0198  0.4915210613241378E-004
 0199  0.4830328425267491E-004
 0200  0.4788804014044124E-004
 0201  0.4747554253347287E-004
 0202  0.4666968531987414E-004
 0203  0.4627469378638907E-004
 0204  0.4550018098776103E-004
 0205  0.4512183357656545E-004
 0206  0.4437980700290208E-004
 0207  0.4401603872251180E-004
 0208  0.4330371001297778E-004
 0209  0.4295500461785512E-004
 0210  0.4260863073820321E-004
 0211  0.4192927110049837E-004
 0212  0.4159619527814226E-004
 0213  0.4094380721030892E-004
 0214  0.4062436197218838E-004
 0215  0.3999764246289928E-004
 0216  0.3969028350948233E-004
 0217  0.3908723277817715E-004
 0218  0.3879145763845440E-004
 0219  0.3821108370344162E-004
 0220  0.3792640611920695E-004
 0221  0.3736777516023017E-004
 0222  0.3709374934147612E-004
 0223  0.3655599073469901E-004
 0224  0.3629218623548528E-004
 0225  0.3577444850855914E-004
 0226  0.3552044481664584E-004
 0227  0.3502086741715781E-004
 0228  0.3477577797180736E-004
 0229  0.3429473192563918E-004
 0230  0.3382773864001382E-004
 0231  0.3359835700547854E-004
 0232  0.3314804100709560E-004
 0233  0.3292664980784265E-004
 0234  0.3249200070044768E-004
 0235  0.3227832067273237E-004
 0236  0.3185844912575145E-004
 0237  0.3145064134261478E-004
 0238  0.3125014465092627E-004
 0239  0.3085611752712345E-004
 0240  0.3066253976921171E-004
 0241  0.3028181703988261E-004
 0242  0.2991161863063978E-004
 0243  0.2972959851443769E-004
 0244  0.2937157935993991E-004
 0245  0.2919554967146258E-004
 0246  0.2884910856404278E-004
 0247  0.2851214069036507E-004
 0248  0.2834634897431738E-004
 0249  0.2802004544086432E-004
 0250  0.2770224719491337E-004
 0251  0.2754588600216312E-004
 0252  0.2723813427244127E-004
 0253  0.2693835885902453E-004
 0254  0.2679072098979967E-004
 0255  0.2650012912339507E-004
 0256  0.2621678994028251E-004
 0257  0.2594061288342994E-004
 0258  0.2580465295972653E-004
 0259  0.2553670737810827E-004
 0260  0.2527541152953548E-004
 0261  0.2514668754099364E-004
 0262  0.2489302643942438E-004
 0263  0.2464548971667730E-004
 0264  0.2440384421037752E-004
 0265  0.2416793856060461E-004
 0266  0.2405166600961402E-004
 0267  0.2382243288354199E-004
 0268  0.2359854977690584E-004
 0269  0.2337978891566284E-004
 0270  0.2316599355748667E-004
 0271  0.2306059434808839E-004
 0272  0.2285267374490093E-004
 0273  0.2264940987758983E-004
 0274  0.2245067927913451E-004
 0275  0.2225633706869915E-004
 0276  0.2206622875431859E-004
 0277  0.2188024341286692E-004
 0278  0.2178846914886437E-004
 0279  0.2160729274853096E-004
 0280  0.2143000851804192E-004
 0281  0.2125647560641874E-004
 0282  0.2108657651821211E-004
 0283  0.2092021860969179E-004
 0284  0.2075729711096888E-004
 0285  0.2059771371019880E-004
 0286  0.2044137272262405E-004
 0287  0.2028818551166773E-004
 0288  0.2013841602432978E-004
 0289  0.1999213858899700E-004
 0290  0.1984924222199004E-004
 0291  0.1970962039113003E-004
 0292  0.1957317080121652E-004
 0293  0.1943979519153508E-004
 0294  0.1930939914462684E-004
 0295  0.1918189190560757E-004
 0296  0.1905718621137406E-004
 0297  0.1893519812908195E-004
 0298  0.1875762413248322E-004
 0299  0.1864271504443179E-004
 0300  0.1853023089195059E-004
 0301  0.1842010189203449E-004
 0302  0.1831226080132871E-004
 0303  0.1820664280490643E-004
 0304  0.1805265725543187E-004
 0305  0.1795285870585949E-004
 0306  0.1785505591509204E-004
 0307  0.1775919446578513E-004
 0308  0.1761929122068747E-004
 0309  0.1752852859443362E-004
 0310  0.1743951570425996E-004
 0311  0.1730950872811875E-004
 0312  0.1722510318278374E-004
 0313  0.1710175872153672E-004
 0314  0.1702163603933638E-004
 0315  0.1694298406989920E-004
 0316  0.1682796866979991E-004
 0317  0.1675320591335396E-004
 0318  0.1664382435073877E-004
 0319  0.1657268942254127E-004
 0320  0.1646856672103719E-004
 0321  0.1640082049283284E-004
 0322  0.1630161330391979E-004
 0323  0.1623703662678622E-004
 0324  0.1614243002349878E-004
 0325  0.1605061750205339E-004
 0326  0.1599081227039391E-004
 0327  0.1590313607084286E-004
 0328  0.1581797796466741E-004
 0329  0.1573523913991847E-004
 0330  0.1568129538449878E-004
 0331  0.1560214221250967E-004
 0332  0.1552517879468014E-004
 0333  0.1545032260189997E-004
 0334  0.1537749510264430E-004
 0335  0.1530662152716207E-004
 0336  0.1523763064799060E-004
 0337  0.1517045457550335E-004
 0338  0.1510502856731196E-004
 0339  0.1504129085044846E-004
 0340  0.1497918245534643E-004
 0341  0.1491864706072469E-004
 0342  0.1484039796964460E-004
 0343  0.1478348872155898E-004
 0344  0.1472797605934115E-004
 0345  0.1465615190153121E-004
 0346  0.1460386731752088E-004
 0347  0.1455282777692076E-004
 0348  0.1448673355866291E-004
 0349  0.1443857907771267E-004
 0350  0.1437618452637644E-004
 0351  0.1431584969478556E-004
 0352  0.1427185179745061E-004
 0353  0.1421479328873229E-004
 0354  0.1415956364528653E-004
 0355  0.1410608546741547E-004
 0356  0.1405428556174537E-004
 0357  0.1400409466154010E-004
 0358  0.1395544716890149E-004
 0359  0.1390828091689434E-004
 0360  0.1385137070864491E-004
 0361  0.1380741018280422E-004
 0362  0.1376474653275400E-004
 0363  0.1371321348492019E-004
 0364  0.1366362865743365E-004
 0365  0.1362527133172015E-004
 0366  0.1357888991092039E-004
 0367  0.1353420952718363E-004
 0368  0.1349115062444224E-004
 0369  0.1344155098477726E-004
 0370  0.1340185961043356E-004
 0371  0.1335609761893290E-004
 0372  0.1331944522237819E-004
 0373  0.1327715158053057E-004
 0374  0.1323663639529490E-004
 0375  0.1319780683742073E-004
 0376  0.1315454560747226E-004
 0377  0.1311911919679769E-004
 0378  0.1307961006684266E-004
 0379  0.1304197498889639E-004
 0380  0.1300610614493559E-004
 0381  0.1296716642826236E-004
 0382  0.1293029933166278E-004
 0383  0.1289537321365427E-004
 0384  0.1285826588134737E-004
 0385  0.1282333097493576E-004
 0386  0.1278689441235902E-004
 0387  0.1275279324075461E-004
 0388  0.1272085418100207E-004
 0389  0.1268804093660207E-004
 0390  0.1265481814671777E-004
 0391  0.1262161842320255E-004
 0392  0.1258883433091290E-004
 0393  0.1255681276025695E-004
 0394  0.1252585155322173E-004
 0395  0.1249455567949758E-004
 0396  0.1246368337607456E-004
 0397  0.1243388319639333E-004
 0398  0.1240351917016182E-004
 0399  0.1237402159565056E-004
 0400  0.1234436365131380E-004
 0401  0.1231568519883288E-004
 0402  0.1228698623722600E-004
 0403  0.1225874882802533E-004
 0404  0.1225362384970244E-004
 0405  0.1225362384970244E-004
 0406  0.1225362384970244E-004
 0407  0.1225362384970244E-004
 0408  0.1225362384970244E-004
 0409  0.1225362384970244E-004
 0410  0.1225362384970244E-004
 0411  0.1225362384970244E-004
 0412  0.1225362384970244E-004
 0413  0.1225362384970244E-004
 0414  0.1225362384970244E-004
 0415  0.1225362384970244E-004
 0416  0.1225362384970244E-004
 0417  0.1225362384970244E-004
 0418  0.1225362384970244E-004
 0419  0.1225362384970244E-004
 0420  0.1225362384970244E-004
 0421  0.1225362384970244E-004
 0422  0.1225362384970244E-004
 0423  0.1225362384970244E-004
 0424  0.1225362384970244E-004
 0425  0.1225362384970244E-004
 0426  0.1225362384970244E-004
 0427  0.1225362384970244E-004
 0428  0.1225362384970244E-004
 0429  0.1225362384970244E-004
 0430  0.1225362384970244E-004
 0431  0.1225362384970244E-004
 0432  0.1225362384970244E-004
 0433  0.1225362384970244E-004
 0434  0.1225362384970244E-004
 0435  0.1225362384970244E-004
 0436  0.1225362384970244E-004
 0437  0.1225362384970244E-004
 0438  0.1225362384970244E-004
 0439  0.1225362384970244E-004
 0440  0.1225362384970244E-004
 0441  0.1225362384970244E-004
 0442  0.1225362384970244E-004
 0443  0.1225362384970244E-004
 0444  0.1225362384970244E-004
 0445  0.1225362384970244E-004
 0446  0.1225362384970244E-004
 0447  0.1225362384970244E-004
 0448  0.1225362384970244E-004
 0449  0.1225362384970244E-004
 0450  0.1225362384970244E-004
 0451  0.1225362384970244E-004
 0452  0.1225362384970244E-004
 0453  0.1225362384970244E-004
 0454  0.1225362384970244E-004
 0455  0.1225362384970244E-004
 0456  0.1225362384970244E-004
 0457  0.1225362384970244E-004
 0458  0.1225362384970244E-004
 0459  0.1225362384970244E-004
 0460  0.1225362384970244E-004
 0461  0.1225362384970244E-004
 0462  0.1225362384970244E-004
 0463  0.1225362384970244E-004
 0464  0.1225362384970244E-004
 0465  0.1225362384970244E-004
 0466  0.1225362384970244E-004
 0467  0.1225362384970244E-004
 0468  0.1225362384970244E-004
 0469  0.1225362384970244E-004
 0470  0.1225362384970244E-004
 0471  0.1225362384970244E-004
 0472  0.1225362384970244E-004
 0473  0.1225362384970244E-004
 0474  0.1225362384970244E-004
 0475  0.1225362384970244E-004
 0476  0.1225362384970244E-004
 0477  0.1225362384970244E-004
 0478  0.1225362384970244E-004
 0479  0.1225362384970244E-004
 0480  0.1225362384970244E-004
 0481  0.1225362384970244E-004
 0482  0.1225362384970244E-004
 0483  0.1225362384970244E-004
 0484  0.1225362384970244E-004
 0485  0.1225362384970244E-004
 0486  0.1225362384970244E-004
 0487  0.1225362384970244E-004
 0488  0.1225362384970244E-004
 0489  0.1225362384970244E-004
 0490  0.1225362384970244E-004
 0491  0.1225362384970244E-004
 0492  0.1225362384970244E-004
 0493  0.1225362384970244E-004
 0494  0.1225362384970244E-004
 0495  0.1225362384970244E-004
 0496  0.1225362384970244E-004
 0497  0.1225362384970244E-004
 0498  0.1225362384970244E-004
 0499  0.1225362384970244E-004
 0500  0.1225362384970244E-004
 0501  0.1225362384970244E-004
 0502  0.1225362384970244E-004
 0503  0.1225362384970244E-004
 0504  0.1225362384970244E-004
 0505  0.1225362384970244E-004
 0506  0.1225362384970244E-004
 0507  0.1225362384970244E-004
 0508  0.1225362384970244E-004
 0509  0.1225362384970244E-004
 0510  0.1225362384970244E-004
 0511  0.1225362384970244E-004
 0512  0.1225362384970244E-004
 0513  0.1225362384970244E-004
 0514  0.1225362384970244E-004
 0515  0.1225362384970244E-004
 0516  0.1225362384970244E-004
 0517  0.1225362384970244E-004
 0518  0.1225362384970244E-004
 0519  0.1225362384970244E-004
 0520  0.1225362384970244E-004
 0521  0.1225362384970244E-004
 0522  0.1225362384970244E-004
 0523  0.1225362384970244E-004
 0524  0.1225362384970244E-004
 0525  0.1225362384970244E-004
 0526  0.1225362384970244E-004
 0527  0.1225362384970244E-004
 0528  0.1225362384970244E-004
 0529  0.1225362384970244E-004
 0530  0.1225362384970244E-004
 0531  0.1225362384970244E-004
 0532  0.1225362384970244E-004
 0533  0.1225362384970244E-004
 0534  0.1225362384970244E-004
 0535  0.1225362384970244E-004
 0536  0.1225362384970244E-004
 0537  0.1225362384970244E-004
 0538  0.1225362384970244E-004
 0539  0.1225362384970244E-004
 0540  0.1225362384970244E-004
 0541  0.1225362384970244E-004
 0542  0.1225362384970244E-004
 0543  0.1225362384970244E-004
 0544  0.1225362384970244E-004
 0545  0.1225362384970244E-004
 0546  0.1225362384970244E-004
 0547  0.1225362384970244E-004
 0548  0.1225362384970244E-004
 0549  0.1225362384970244E-004
 0550  0.1225362384970244E-004
 0551  0.1225362384970244E-004
 0552  0.1225362384970244E-004
 0553  0.1225362384970244E-004
 0554  0.1225362384970244E-004
 0555  0.1225362384970244E-004
 0556  0.1225362384970244E-004
 0557  0.1225362384970244E-004
 0558  0.1225362384970244E-004
 0559  0.1225362384970244E-004
 0560  0.1225362384970244E-004
 0561  0.1225362384970244E-004
 0562  0.1225362384970244E-004
 0563  0.1225362384970244E-004
 0564  0.1225362384970244E-004
 0565  0.1225362384970244E-004
 0566  0.1225362384970244E-004
 0567  0.1225362384970244E-004
 0568  0.1225362384970244E-004
 0569  0.1225362384970244E-004
 0570  0.1225362384970244E-004
 0571  0.1225362384970244E-004
 0572  0.1225362384970244E-004
 0573  0.1225362384970244E-004
 0574  0.1225362384970244E-004
 0575  0.1225362384970244E-004
 0576  0.1225362384970244E-004
 0577  0.1225362384970244E-004
 0578  0.1225362384970244E-004
 0579  0.1225362384970244E-004
 0580  0.1225362384970244E-004
 0581  0.1225362384970244E-004
 0582  0.1225362384970244E-004
 0583  0.1225362384970244E-004
 0584  0.1225362384970244E-004
 0585  0.1225362384970244E-004
 0586  0.1225362384970244E-004
 0587  0.1225362384970244E-004
 0588  0.1225362384970244E-004
 0589  0.1225362384970244E-004
 0590  0.1225362384970244E-004
 0591  0.1225362384970244E-004
 0592  0.1225362384970244E-004
 0593  0.1225362384970244E-004
 0594  0.1225362384970244E-004
 0595  0.1225362384970244E-004
 0596  0.1225362384970244E-004
 0597  0.1225362384970244E-004
 0598  0.1225362384970244E-004
 0599  0.1225362384970244E-004
 0600  0.1225362384970244E-004
 0601  0.1225362384970244E-004
 0602  0.1225362384970244E-004
 0603  0.1225362384970244E-004
 0604  0.1225362384970244E-004
 0605  0.1225362384970244E-004
 0606  0.1225362384970244E-004
 0607  0.1225362384970244E-004
 0608  0.1225362384970244E-004
 0609  0.1225362384970244E-004
 0610  0.1225362384970244E-004
 0611  0.1225362384970244E-004
 0612  0.1225362384970244E-004
 0613  0.1225362384970244E-004
 0614  0.1225362384970244E-004
 0615  0.1225362384970244E-004
 0616  0.1225362384970244E-004
 0617  0.1225362384970244E-004
 0618  0.1225362384970244E-004
 0619  0.1225362384970244E-004
 0620  0.1225362384970244E-004
 0621  0.1225362384970244E-004
 0622  0.1225362384970244E-004
 0623  0.1225362384970244E-004
 0624  0.1225362384970244E-004
 0625  0.1225362384970244E-004
 0626  0.1225362384970244E-004
 0627  0.1225362384970244E-004
 0628  0.1225362384970244E-004
 0629  0.1225362384970244E-004
 0630  0.1225362384970244E-004
 0631  0.1225362384970244E-004
 0632  0.1225362384970244E-004
 0633  0.1225362384970244E-004
 0634  0.1225362384970244E-004
 0635  0.1225362384970244E-004
 0636  0.1225362384970244E-004
 0637  0.1225362384970244E-004
 0638  0.1225362384970244E-004
 0639  0.1225362384970244E-004
 0640  0.1225362384970244E-004
 0641  0.1225362384970244E-004
 0642  0.1225362384970244E-004
 0643  0.1225362384970244E-004
 0644  0.1225362384970244E-004
 0645  0.1225362384970244E-004
 0646  0.1225362384970244E-004
 0647  0.1225362384970244E-004
 0648  0.1225362384970244E-004
 0649  0.1225362384970244E-004
 0650  0.1225362384970244E-004
 0651  0.1225362384970244E-004
 0652  0.1225362384970244E-004
 0653  0.1225362384970244E-004
 0654  0.1225362384970244E-004
 0655  0.1225362384970244E-004
 0656  0.1225362384970244E-004
 0657  0.1225362384970244E-004
 0658  0.1225362384970244E-004
 0659  0.1225362384970244E-004
 0660  0.1225362384970244E-004
 0661  0.1225362384970244E-004
 0662  0.1225362384970244E-004
 0663  0.1225362384970244E-004
 0664  0.1225362384970244E-004
 0665  0.1225362384970244E-004
 0666  0.1225362384970244E-004
 0667  0.1225362384970244E-004
 0668  0.1225362384970244E-004
 0669  0.1225362384970244E-004
 0670  0.1225362384970244E-004
 0671  0.1225362384970244E-004
 0672  0.1225362384970244E-004
 0673  0.1225362384970244E-004
 0674  0.1225362384970244E-004
 0675  0.1225362384970244E-004
 0676  0.1225362384970244E-004
 0677  0.1225362384970244E-004
 0678  0.1225362384970244E-004
 0679  0.1225362384970244E-004
 0680  0.1225362384970244E-004
 0681  0.1225362384970244E-004
 0682  0.1225362384970244E-004
 0683  0.1225362384970244E-004
 0684  0.1225362384970244E-004
 0685  0.1225362384970244E-004
 0686  0.1225362384970244E-004
 0687  0.1225362384970244E-004
 0688  0.1225362384970244E-004
 0689  0.1225362384970244E-004
 0690  0.1225362384970244E-004
 0691  0.1225362384970244E-004
 0692  0.1225362384970244E-004
 0693  0.1225362384970244E-004
 0694  0.1225362384970244E-004
 0695  0.1225362384970244E-004
 0696  0.1225362384970244E-004
 0697  0.1225362384970244E-004
 0698  0.1225362384970244E-004
 0699  0.1225362384970244E-004
 0700  0.1225362384970244E-004
 0701  0.1225362384970244E-004
 0702  0.1225362384970244E-004
 0703  0.1225362384970244E-004
 0704  0.1225362384970244E-004
 0705  0.1225362384970244E-004
 0706  0.1225362384970244E-004
 0707  0.1225362384970244E-004
 0708  0.1225362384970244E-004
 0709  0.1225362384970244E-004
 0710  0.1225362384970244E-004
 0711  0.1225362384970244E-004
 0712  0.1225362384970244E-004
 0713  0.1225362384970244E-004
 0714  0.1225362384970244E-004
 0715  0.1225362384970244E-004
 0716  0.1225362384970244E-004
 0717  0.1225362384970244E-004
 0718  0.1225362384970244E-004
 0719  0.1225362384970244E-004
 0720  0.1225362384970244E-004
 0721  0.1225362384970244E-004
 0722  0.1225362384970244E-004
 0723  0.1225362384970244E-004
 0724  0.1225362384970244E-004
 0725  0.1225362384970244E-004
 0726  0.1225362384970244E-004
 0727  0.1225362384970244E-004
 0728  0.1225362384970244E-004
 0729  0.1225362384970244E-004
 0730  0.1225362384970244E-004
 0731  0.1225362384970244E-004
 0732  0.1225362384970244E-004
 0733  0.1225362384970244E-004
 0734  0.1225362384970244E-004
 0735  0.1225362384970244E-004
 0736  0.1225362384970244E-004
 0737  0.1225362384970244E-004
 0738  0.1225362384970244E-004
 0739  0.1225362384970244E-004
 0740  0.1225362384970244E-004
 0741  0.1225362384970244E-004
 0742  0.1225362384970244E-004
 0743  0.1225362384970244E-004
 0744  0.1225362384970244E-004
 0745  0.1225362384970244E-004
 0746  0.1225362384970244E-004
 0747  0.1225362384970244E-004
 0748  0.1225362384970244E-004
 0749  0.1225362384970244E-004
 0750  0.1225362384970244E-004
 0751  0.1225362384970244E-004
 0752  0.1225362384970244E-004
 0753  0.1225362384970244E-004
 0754  0.1225362384970244E-004
 0755  0.1225362384970244E-004
 0756  0.1225362384970244E-004
 0757  0.1225362384970244E-004
 0758  0.1225362384970244E-004
 0759  0.1225362384970244E-004
 0760  0.1225362384970244E-004
 0761  0.1225362384970244E-004
 0762  0.1225362384970244E-004
 0763  0.1225362384970244E-004
 0764  0.1225362384970244E-004
 0765  0.1225362384970244E-004
 0766  0.1225362384970244E-004
 0767  0.1225362384970244E-004
 0768  0.1225362384970244E-004
 0769  0.1225362384970244E-004
 0770  0.1225362384970244E-004
 0771  0.1225362384970244E-004
 0772  0.1225362384970244E-004
 0773  0.1225362384970244E-004
 0774  0.1225362384970244E-004
 0775  0.1225362384970244E-004
 0776  0.1225362384970244E-004
 0777  0.1225362384970244E-004
 0778  0.1225362384970244E-004
 0779  0.1225362384970244E-004
 0780  0.1225362384970244E-004
 0781  0.1225362384970244E-004
 0782  0.1225362384970244E-004
 0783  0.1225362384970244E-004
 0784  0.1225362384970244E-004
 0785  0.1225362384970244E-004
 0786  0.1225362384970244E-004
 0787  0.1225362384970244E-004
 0788  0.1225362384970244E-004
 0789  0.1225362384970244E-004
 0790  0.1225362384970244E-004
 0791  0.1225362384970244E-004
 0792  0.1225362384970244E-004
 0793  0.1225362384970244E-004
 0794  0.1225362384970244E-004
 0795  0.1225362384970244E-004
 0796  0.1225362384970244E-004
 0797  0.1225362384970244E-004
 0798  0.1225362384970244E-004
 0799  0.1225362384970244E-004
 0800  0.1225362384970244E-004
 0801  0.1225362384970244E-004
 0802  0.1225362384970244E-004
 0803  0.1225362384970244E-004
 0804  0.1225362384970244E-004
 0805  0.1225362384970244E-004
 0806  0.1225362384970244E-004
 0807  0.1225362384970244E-004
 0808  0.1225362384970244E-004
 0809  0.1225362384970244E-004
 0810  0.1225362384970244E-004
 0811  0.1225362384970244E-004
 0812  0.1225362384970244E-004
 0813  0.1225362384970244E-004
 0814  0.1225362384970244E-004
 0815  0.1225362384970244E-004
 0816  0.1225362384970244E-004
 0817  0.1225362384970244E-004
 0818  0.1225362384970244E-004
 0819  0.1225362384970244E-004
 0820  0.1225362384970244E-004
 0821  0.1225362384970244E-004
 0822  0.1225362384970244E-004
 0823  0.1225362384970244E-004
 0824  0.1225362384970244E-004
 0825  0.1225362384970244E-004
 0826  0.1225362384970244E-004
 0827  0.1225362384970244E-004
 0828  0.1225362384970244E-004
 0829  0.1225362384970244E-004
 0830  0.1225362384970244E-004
 0831  0.1225362384970244E-004
 0832  0.1225362384970244E-004
 0833  0.1225362384970244E-004
 0834  0.1225362384970244E-004
 0835  0.1225362384970244E-004
 0836  0.1225362384970244E-004
 0837  0.1225362384970244E-004
 0838  0.1225362384970244E-004
 0839  0.1225362384970244E-004
 0840  0.1225362384970244E-004
 0841  0.1225362384970244E-004
 0842  0.1225362384970244E-004
 0843  0.1225362384970244E-004
 0844  0.1225362384970244E-004
 0845  0.1225362384970244E-004
 0846  0.1225362384970244E-004
 0847  0.1225362384970244E-004
 0848  0.1225362384970244E-004
 0849  0.1225362384970244E-004
 0850  0.1225362384970244E-004
 0851  0.1225362384970244E-004
 0852  0.1225362384970244E-004
 0853  0.1225362384970244E-004
 0854  0.1225362384970244E-004
 0855  0.1225362384970244E-004
 0856  0.1225362384970244E-004
 0857  0.1225362384970244E-004
 0858  0.1225362384970244E-004
 0859  0.1225362384970244E-004
 0860  0.1225362384970244E-004
 0861  0.1225362384970244E-004
 0862  0.1225362384970244E-004
 0863  0.1225362384970244E-004
 0864  0.1225362384970244E-004
 0865  0.1225362384970244E-004
 0866  0.1225362384970244E-004
 0867  0.1225362384970244E-004
 0868  0.1225362384970244E-004
 0869  0.1225362384970244E-004
 0870  0.1225362384970244E-004
 0871  0.1225362384970244E-004
 0872  0.1225362384970244E-004
 0873  0.1225362384970244E-004
 0874  0.1225362384970244E-004
 0875  0.1225362384970244E-004
 0876  0.1225362384970244E-004
 0877  0.1225362384970244E-004
 0878  0.1225362384970244E-004
 0879  0.1225362384970244E-004
 0880  0.1225362384970244E-004
 0881  0.1225362384970244E-004
 0882  0.1225362384970244E-004
 0883  0.1225362384970244E-004
 0884  0.1225362384970244E-004
 0885  0.1225362384970244E-004
 0886  0.1225362384970244E-004
 0887  0.1225362384970244E-004
 0888  0.1225362384970244E-004
 0889  0.1225362384970244E-004
 0890  0.1225362384970244E-004
 0891  0.1225362384970244E-004
 0892  0.1225362384970244E-004
 0893  0.1225362384970244E-004
 0894  0.1225362384970244E-004
 0895  0.1225362384970244E-004
 0896  0.1225362384970244E-004
 0897  0.1225362384970244E-004
 0898  0.1225362384970244E-004
 0899  0.1225362384970244E-004
 0900  0.1225362384970244E-004
 0901  0.1225362384970244E-004
 0902  0.1225362384970244E-004
 0903  0.1225362384970244E-004
 0904  0.1225362384970244E-004
 0905  0.1225362384970244E-004
 0906  0.1225362384970244E-004
 0907  0.1225362384970244E-004
 0908  0.1225362384970244E-004
 0909  0.1225362384970244E-004
 0910  0.1225362384970244E-004
 0911  0.1225362384970244E-004
 0912  0.1225362384970244E-004
 0913  0.1225362384970244E-004
 0914  0.1225362384970244E-004
 0915  0.1225362384970244E-004
 0916  0.1225362384970244E-004
 0917  0.1225362384970244E-004
 0918  0.1225362384970244E-004
 0919  0.1225362384970244E-004
 0920  0.1225362384970244E-004
 0921  0.1225362384970244E-004
 0922  0.1225362384970244E-004
 0923  0.1225362384970244E-004
 0924  0.1225362384970244E-004
 0925  0.1225362384970244E-004
 0926  0.1225362384970244E-004
 0927  0.1225362384970244E-004
 0928  0.1225362384970244E-004
 0929  0.1225362384970244E-004
 0930  0.1225362384970244E-004
 0931  0.1225362384970244E-004
 0932  0.1225362384970244E-004
 0933  0.1225362384970244E-004
 0934  0.1225362384970244E-004
 0935  0.1225362384970244E-004
 0936  0.1225362384970244E-004
 0937  0.1225362384970244E-004
 0938  0.1225362384970244E-004
 0939  0.1225362384970244E-004
 0940  0.1225362384970244E-004
 0941  0.1225362384970244E-004
 0942  0.1225362384970244E-004
 0943  0.1225362384970244E-004
 0944  0.1225362384970244E-004
 0945  0.1225362384970244E-004
 0946  0.1225362384970244E-004
 0947  0.1225362384970244E-004
 0948  0.1225362384970244E-004
 0949  0.1225362384970244E-004
 0950  0.1225362384970244E-004
 0951  0.1225362384970244E-004
 0952  0.1225362384970244E-004
 0953  0.1225362384970244E-004
 0954  0.1225362384970244E-004
 0955  0.1225362384970244E-004
 0956  0.1225362384970244E-004
 0957  0.1225362384970244E-004
 0958  0.1225362384970244E-004
 0959  0.1225362384970244E-004
 0960  0.1225362384970244E-004
 0961  0.1225362384970244E-004
 0962  0.1225362384970244E-004
 0963  0.1225362384970244E-004
 0964  0.1225362384970244E-004
 0965  0.1225362384970244E-004
 0966  0.1225362384970244E-004
 0967  0.1225362384970244E-004
 0968  0.1225362384970244E-004
 0969  0.1225362384970244E-004
 0970  0.1225362384970244E-004
 0971  0.1225362384970244E-004
 0972  0.1225362384970244E-004
 0973  0.1225362384970244E-004
 0974  0.1225362384970244E-004
 0975  0.1225362384970244E-004
 0976  0.1225362384970244E-004
 0977  0.1225362384970244E-004
 0978  0.1225362384970244E-004
 0979  0.1225362384970244E-004
 0980  0.1225362384970244E-004
 0981  0.1225362384970244E-004
 0982  0.1225362384970244E-004
 0983  0.1225362384970244E-004
 0984  0.1225362384970244E-004
 0985  0.1225362384970244E-004
 0986  0.1225362384970244E-004
 0987  0.1225362384970244E-004
 0988  0.1225362384970244E-004
 0989  0.1225362384970244E-004
 0990  0.1225362384970244E-004
 0991  0.1225362384970244E-004
 0992  0.1225362384970244E-004
 0993  0.1225362384970244E-004
 0994  0.1225362384970244E-004
 0995  0.1225362384970244E-004
 0996  0.1225362384970244E-004
 0997  0.1225362384970244E-004
 0998  0.1225362384970244E-004
 0999  0.1225362384970244E-004
 1000  0.1225362384970244E-004
 1001  0.1225362384970244E-004
 1002  0.1225362384970244E-004
 1003  0.1225362384970244E-004
 1004  0.1225362384970244E-004
 1005  0.1225362384970244E-004
 1006  0.1225362384970244E-004
 1007  0.1225362384970244E-004
 1008  0.1225362384970244E-004
 1009  0.1225362384970244E-004
 1010  0.1225362384970244E-004
 1011  0.1225362384970244E-004
 1012  0.1225362384970244E-004
 1013  0.1225362384970244E-004
 1014  0.1225362384970244E-004
 1015  0.1225362384970244E-004
 1016  0.1225362384970244E-004
 1017  0.1225362384970244E-004
 1018  0.1225362384970244E-004
 1019  0.1225362384970244E-004
 1020  0.1225362384970244E-004
 1021  0.1225362384970244E-004
 1022  0.1225362384970244E-004
 1023  0.1225362384970244E-004
 1024  0.1225362384970244E-004
 1025  0.1225362384970244E-004
 1026  0.1225362384970244E-004
 1027  0.1225362384970244E-004
 1028  0.1225362384970244E-004
 1029  0.1225362384970244E-004
 1030  0.1225362384970244E-004
 1031  0.1225362384970244E-004
 1032  0.1225362384970244E-004
 1033  0.1225362384970244E-004
 1034  0.1225362384970244E-004
 1035  0.1225362384970244E-004
 1036  0.1225362384970244E-004
 1037  0.1225362384970244E-004
 1038  0.1225362384970244E-004
 1039  0.1225362384970244E-004
 1040  0.1225362384970244E-004
 1041  0.1225362384970244E-004
 1042  0.1225362384970244E-004
 1043  0.1225362384970244E-004
 1044  0.1225362384970244E-004
 1045  0.1225362384970244E-004
 1046  0.1225362384970244E-004
 1047  0.1225362384970244E-004
 1048  0.1225362384970244E-004
 1049  0.1225362384970244E-004
 1050  0.1225362384970244E-004
 1051  0.1225362384970244E-004
 1052  0.1225362384970244E-004
 1053  0.1225362384970244E-004
 1054  0.1225362384970244E-004
 1055  0.1225362384970244E-004
 1056  0.1225362384970244E-004
 1057  0.1225362384970244E-004
 1058  0.1225362384970244E-004
 1059  0.1225362384970244E-004
 1060  0.1225362384970244E-004
 1061  0.1225362384970244E-004
 1062  0.1225362384970244E-004
 1063  0.1225362384970244E-004
 1064  0.1225362384970244E-004
 1065  0.1225362384970244E-004
 1066  0.1225362384970244E-004
 1067  0.1225362384970244E-004
 1068  0.1225362384970244E-004
 1069  0.1225362384970244E-004
 1070  0.1225362384970244E-004
 1071  0.1225362384970244E-004
 1072  0.1225362384970244E-004
 1073  0.1225362384970244E-004
 1074  0.1225362384970244E-004
 1075  0.1225362384970244E-004
 1076  0.1225362384970244E-004
 1077  0.1225362384970244E-004
 1078  0.1225362384970244E-004
 1079  0.1225362384970244E-004
 1080  0.1225362384970244E-004
 1081  0.1225362384970244E-004
 1082  0.1225362384970244E-004
 1083  0.1225362384970244E-004
 1084  0.1225362384970244E-004
 1085  0.1225362384970244E-004
 1086  0.1225362384970244E-004
 1087  0.1225362384970244E-004
 1088  0.1225362384970244E-004
 1089  0.1225362384970244E-004
 1090  0.1225362384970244E-004
 1091  0.1225362384970244E-004
 1092  0.1225362384970244E-004
 1093  0.1225362384970244E-004
 1094  0.1225362384970244E-004
 1095  0.1225362384970244E-004
 1096  0.1225362384970244E-004
 1097  0.1225362384970244E-004
 1098  0.1225362384970244E-004
 1099  0.1225362384970244E-004
 1100  0.1225362384970244E-004
 1101  0.1225362384970244E-004
 1102  0.1225362384970244E-004
 1103  0.1225362384970244E-004
 1104  0.1225362384970244E-004
 1105  0.1225362384970244E-004
 1106  0.1225362384970244E-004
 1107  0.1225362384970244E-004
 1108  0.1225362384970244E-004
 1109  0.1225362384970244E-004
 1110  0.1225362384970244E-004
 1111  0.1225362384970244E-004
 1112  0.1225362384970244E-004
 1113  0.1225362384970244E-004
 1114  0.1225362384970244E-004
 1115  0.1225362384970244E-004
 1116  0.1225362384970244E-004
 1117  0.1225362384970244E-004
 1118  0.1225362384970244E-004
 1119  0.1225362384970244E-004
 1120  0.1225362384970244E-004
 1121  0.1225362384970244E-004
 1122  0.1225362384970244E-004
 1123  0.1225362384970244E-004
 1124  0.1225362384970244E-004
 1125  0.1225362384970244E-004
 1126  0.1225362384970244E-004
 1127  0.1225362384970244E-004
 1128  0.1225362384970244E-004
 1129  0.1225362384970244E-004
 1130  0.1225362384970244E-004
 1131  0.1225362384970244E-004
 1132  0.1225362384970244E-004
 1133  0.1225362384970244E-004
 1134  0.1225362384970244E-004
 1135  0.1225362384970244E-004
 1136  0.1225362384970244E-004
 1137  0.1225362384970244E-004
 1138  0.1225362384970244E-004
 1139  0.1225362384970244E-004
 1140  0.1225362384970244E-004
 1141  0.1225362384970244E-004
 1142  0.1225362384970244E-004
 1143  0.1225362384970244E-004
 1144  0.1225362384970244E-004
 1145  0.1225362384970244E-004
 1146  0.1225362384970244E-004
 1147  0.1225362384970244E-004
 1148  0.1225362384970244E-004
 1149  0.1225362384970244E-004
 1150  0.1225362384970244E-004
 1151  0.1225362384970244E-004
 1152  0.1225362384970244E-004
 1153  0.1225362384970244E-004
 1154  0.1225362384970244E-004
 1155  0.1225362384970244E-004
 1156  0.1225362384970244E-004
 1157  0.1225362384970244E-004
 1158  0.1225362384970244E-004
 1159  0.1225362384970244E-004
 1160  0.1225362384970244E-004
 1161  0.1225362384970244E-004
 1162  0.1225362384970244E-004
 1163  0.1225362384970244E-004
 1164  0.1225362384970244E-004
 1165  0.1225362384970244E-004
 1166  0.1225362384970244E-004
 1167  0.1225362384970244E-004
 1168  0.1225362384970244E-004
 1169  0.1225362384970244E-004
 1170  0.1225362384970244E-004
 1171  0.1225362384970244E-004
 1172  0.1225362384970244E-004
 1173  0.1225362384970244E-004
 1174  0.1225362384970244E-004
 1175  0.1225362384970244E-004
 1176  0.1225362384970244E-004
 1177  0.1225362384970244E-004
 1178  0.1225362384970244E-004
 1179  0.1225362384970244E-004
 1180  0.1225362384970244E-004
 1181  0.1225362384970244E-004
 1182  0.1225362384970244E-004
 1183  0.1225362384970244E-004
 1184  0.1225362384970244E-004
 1185  0.1225362384970244E-004
 1186  0.1225362384970244E-004
 1187  0.1225362384970244E-004
 1188  0.1225362384970244E-004
 1189  0.1225362384970244E-004
 1190  0.1225362384970244E-004
 1191  0.1225362384970244E-004
 1192  0.1225362384970244E-004
 1193  0.1225362384970244E-004
 1194  0.1225362384970244E-004
 1195  0.1225362384970244E-004
 1196  0.1225362384970244E-004
 1197  0.1225362384970244E-004
 1198  0.1225362384970244E-004
 1199  0.1225362384970244E-004
 1200  0.1225362384970244E-004
 1201  0.1225362384970244E-004
 1202  0.1225362384970244E-004
 1203  0.1225362384970244E-004
 1204  0.1225362384970244E-004
 1205  0.1225362384970244E-004
 1206  0.1225362384970244E-004
 1207  0.1225362384970244E-004
 1208  0.1225362384970244E-004
 1209  0.1225362384970244E-004
 1210  0.1225362384970244E-004
 1211  0.1225362384970244E-004
 1212  0.1225362384970244E-004
 1213  0.1225362384970244E-004
 1214  0.1225362384970244E-004
 1215  0.1225362384970244E-004
 1216  0.1225362384970244E-004
 1217  0.1225362384970244E-004
 1218  0.1225362384970244E-004
 1219  0.1225362384970244E-004
 1220  0.1225362384970244E-004
 1221  0.1225362384970244E-004
 1222  0.1225362384970244E-004
 1223  0.1225362384970244E-004
 1224  0.1225362384970244E-004
 1225  0.1225362384970244E-004
 1226  0.1225362384970244E-004
 1227  0.1225362384970244E-004
 1228  0.1225362384970244E-004
 1229  0.1225362384970244E-004
 1230  0.1225362384970244E-004
 1231  0.1225362384970244E-004
 1232  0.1225362384970244E-004
 1233  0.1225362384970244E-004
 1234  0.1225362384970244E-004
 1235  0.1225362384970244E-004
 1236  0.1225362384970244E-004
 1237  0.1225362384970244E-004
 1238  0.1225362384970244E-004
 1239  0.1225362384970244E-004
 1240  0.1225362384970244E-004
 1241  0.1225362384970244E-004
 1242  0.1225362384970244E-004
 1243  0.1225362384970244E-004
 1244  0.1225362384970244E-004
 1245  0.1225362384970244E-004
 1246  0.1225362384970244E-004
 1247  0.1225362384970244E-004
 1248  0.1225362384970244E-004
 1249  0.1225362384970244E-004
 1250  0.1225362384970244E-004
 1251  0.1225362384970244E-004
 1252  0.1225362384970244E-004
 1253  0.1225362384970244E-004
 1254  0.1225362384970244E-004
 1255  0.1225362384970244E-004
 1256  0.1225362384970244E-004
 1257  0.1225362384970244E-004
 1258  0.1225362384970244E-004
 1259  0.1225362384970244E-004
 1260  0.1225362384970244E-004
 1261  0.1225362384970244E-004
 1262  0.1225362384970244E-004
 1263  0.1225362384970244E-004
 1264  0.1225362384970244E-004
 1265  0.1225362384970244E-004
