 0001  0.3250468577000000E+034
 0002  0.3253331346554504E+034
 0003  0.3256262175496034E+034
 0004  0.3259262681866168E+034
 0005  0.3262334522173747E+034
 0006  0.3265479392309399E+034
 0007  0.3268699028481798E+034
 0008  0.3271995208176185E+034
 0009  0.3275369751135676E+034
 0010  0.3278824520365898E+034
 0011  0.3282361423163510E+034
 0012  0.3285982412169178E+034
 0013  0.3289689486445583E+034
 0014  0.3293484692581055E+034
 0015  0.3297370125819442E+034
 0016  0.3301347931216853E+034
 0017  0.3305420304825889E+034
 0018  0.3309589494908027E+034
 0019  0.3313857803174842E+034
 0020  0.3318227586058719E+034
 0021  0.3322701256013788E+034
 0022  0.3327281282847784E+034
 0023  0.3331970195085565E+034
 0024  0.3336770581365056E+034
 0025  0.3341685091866374E+034
 0026  0.3346716439774925E+034
 0027  0.3351867402779297E+034
 0028  0.3357140824604752E+034
 0029  0.3362539616583179E+034
 0030  0.3368066759260375E+034
 0031  0.3373725304041533E+034
 0032  0.3379518374875850E+034
 0033  0.3385449169981185E+034
 0034  0.3391520963609720E+034
 0035  0.3397737107855602E+034
 0036  0.3404101034505547E+034
 0037  0.3410616256933455E+034
 0038  0.3417286372040059E+034
 0039  0.3424115062238689E+034
 0040  0.3431106097488245E+034
 0041  0.3438263337374502E+034
 0042  0.3445590733240900E+034
 0043  0.3453092330369982E+034
 0044  0.3460772270216704E+034
 0045  0.3468634792694832E+034
 0046  0.3476684238517700E+034
 0047  0.3484925051594612E+034
 0048  0.3493361781484226E+034
 0049  0.3501999085906252E+034
 0050  0.3510841733312872E+034
 0051  0.3519894605521289E+034
 0052  0.3529162700408867E+034
 0053  0.3538651134672333E+034
 0054  0.3548365146652594E+034
 0055  0.3558310099226696E+034
 0056  0.3568491482768545E+034
 0057  0.3578914918180007E+034
 0058  0.3589586159994084E+034
 0059  0.3600511099551851E+034
 0060  0.3611695768254925E+034
 0061  0.3623146340895267E+034
 0062  0.3634869139064128E+034
 0063  0.3646870634642062E+034
 0064  0.3659157453371891E+034
 0065  0.3671736378516623E+034
 0066  0.3684614354604334E+034
 0067  0.3697798491262076E+034
 0068  0.3711296067140936E+034
 0069  0.3725114533934406E+034
 0070  0.3739261520492289E+034
 0071  0.3753744837032405E+034
 0072  0.3768572479452431E+034
 0073  0.3783752633744247E+034
 0074  0.3799293680513226E+034
 0075  0.3815204199604972E+034
 0076  0.3831492974842052E+034
 0077  0.3848168998873330E+034
 0078  0.3865241478138606E+034
 0079  0.3882719837951269E+034
 0080  0.3900613727701788E+034
 0081  0.3918933026184921E+034
 0082  0.3937687847053556E+034
 0083  0.3956888544402227E+034
 0084  0.3976545718483362E+034
 0085  0.3996670221559433E+034
 0086  0.4017273163894236E+034
 0087  0.4038365919886603E+034
 0088  0.4059960134349941E+034
 0089  0.4082067728941061E+034
 0090  0.4104700908741839E+034
 0091  0.4127872168997359E+034
 0092  0.4151594302014238E+034
 0093  0.4175880404222965E+034
 0094  0.4200743883408122E+034
 0095  0.4226198466110511E+034
 0096  0.4252258205205255E+034
 0097  0.4278937487660056E+034
 0098  0.4306251042477901E+034
 0099  0.4334213948828601E+034
 0100  0.4362841644373638E+034
 0101  0.4391469339918676E+034
 0102  0.4419927647584539E+034
 0103  0.4448217569626317E+034
 0104  0.4476340102368836E+034
 0105  0.4504296236241742E+034
 0106  0.4532086955814387E+034
 0107  0.4559713239830500E+034
 0108  0.4587176061242659E+034
 0109  0.4614476387246556E+034
 0110  0.4641615179315061E+034
 0111  0.4668593393232083E+034
 0112  0.4695411979126228E+034
 0113  0.4722071881504267E+034
 0114  0.4748574039284396E+034
 0115  0.4774919385829304E+034
 0116  0.4801108848979044E+034
 0117  0.4827143351083712E+034
 0118  0.4853023809035928E+034
 0119  0.4878751134303128E+034
 0120  0.4904326232959666E+034
 0121  0.4929750005718724E+034
 0122  0.4955023347964033E+034
 0123  0.4980147149781407E+034
 0124  0.5005122295990090E+034
 0125  0.5029949666173918E+034
 0126  0.5054630134712298E+034
 0127  0.5079164570811001E+034
 0128  0.5103553838532774E+034
 0129  0.5127798796827770E+034
 0130  0.5151900299563802E+034
 0131  0.5175859195556410E+034
 0132  0.5199676328598759E+034
 0133  0.5223352537491354E+034
 0134  0.5246888656071584E+034
 0135  0.5270285513243082E+034
 0136  0.5293543933004925E+034
 0137  0.5316664734480649E+034
 0138  0.5339648731947100E+034
 0139  0.5362496734863111E+034
 0140  0.5385209547898006E+034
 0141  0.5407787970959944E+034
 0142  0.5430232799224090E+034
 0143  0.5452544823160618E+034
 0144  0.5474724828562550E+034
 0145  0.5496773596573431E+034
 0146  0.5518691903714840E+034
 0147  0.5540480521913736E+034
 0148  0.5562140218529647E+034
 0149  0.5583671756381693E+034
 0150  0.5605075893775452E+034
 0151  0.5626353384529665E+034
 0152  0.5647504978002787E+034
 0153  0.5668531419119375E+034
 0154  0.5689433448396326E+034
 0155  0.5710211801968952E+034
 0156  0.5730867211616914E+034
 0157  0.5751400404789985E+034
 0158  0.5771812104633674E+034
 0159  0.5792103030014695E+034
 0160  0.5812273895546280E+034
 0161  0.5832325411613353E+034
 0162  0.5852258284397542E+034
 0163  0.5872073215902054E+034
 0164  0.5891770903976397E+034
 0165  0.5911352042340955E+034
 0166  0.5930817320611423E+034
 0167  0.5950167424323093E+034
 0168  0.5969403034954998E+034
 0169  0.5988524829953910E+034
 0170  0.6007533482758201E+034
 0171  0.6026429662821561E+034
 0172  0.6045214035636572E+034
 0173  0.6063887262758149E+034
 0174  0.6082450001826836E+034
 0175  0.6100902906591970E+034
 0176  0.6119246626934702E+034
 0177  0.6137481808890885E+034
 0178  0.6155609094673831E+034
 0179  0.6173629122696920E+034
 0180  0.6191542527596095E+034
 0181  0.6209349940252201E+034
 0182  0.6227051987813214E+034
 0183  0.6244649293716320E+034
 0184  0.6262142477709878E+034
 0185  0.6279532155875240E+034
 0186  0.6296818940648456E+034
 0187  0.6314003440841836E+034
 0188  0.6331086261665394E+034
 0189  0.6348068004748165E+034
 0190  0.6364949268159390E+034
 0191  0.6381730646429581E+034
 0192  0.6398412730571455E+034
 0193  0.6414996108100757E+034
 0194  0.6431481363056942E+034
 0195  0.6447869076023752E+034
 0196  0.6464159824149658E+034
 0197  0.6480354181168187E+034
 0198  0.6496452717418128E+034
 0199  0.6512455999863625E+034
 0200  0.6528364592114130E+034
 0201  0.6544179054444267E+034
 0202  0.6559899943813556E+034
 0203  0.6575527813886030E+034
 0204  0.6591063215049736E+034
 0205  0.6606506694436115E+034
 0206  0.6621858795939275E+034
 0207  0.6637120060235144E+034
 0208  0.6652291024800511E+034
 0209  0.6667372223931955E+034
 0210  0.6682364188764667E+034
 0211  0.6697267447291148E+034
 0212  0.6712082524379811E+034
 0213  0.6726809941793460E+034
 0214  0.6741450218207670E+034
 0215  0.6756003869229051E+034
 0216  0.6770471407413411E+034
 0217  0.6784853342283803E+034
 0218  0.6799150180348470E+034
 0219  0.6813362425118685E+034
 0220  0.6827490577126487E+034
 0221  0.6841535133942300E+034
 0222  0.6855496590192465E+034
 0223  0.6869375437576657E+034
 0224  0.6883172164885200E+034
 0225  0.6896887258016284E+034
 0226  0.6910521199993078E+034
 0227  0.6924074470980736E+034
 0228  0.6937547548303317E+034
 0229  0.6950940906460587E+034
 0230  0.6964255017144733E+034
 0231  0.6977490349256976E+034
 0232  0.6990647368924086E+034
 0233  0.7003726539514794E+034
 0234  0.7016728321656115E+034
 0235  0.7029653173249571E+034
 0236  0.7042501549487312E+034
 0237  0.7055273902868155E+034
 0238  0.7067970683213513E+034
 0239  0.7080592337683243E+034
 0240  0.7093139310791389E+034
 0241  0.7105612044421841E+034
 0242  0.7118010977843894E+034
 0243  0.7130336547727723E+034
 0244  0.7142589188159757E+034
 0245  0.7154769330657969E+034
 0246  0.7166877404187074E+034
 0247  0.7178913835173637E+034
 0248  0.7190879047521087E+034
 0249  0.7202773462624650E+034
 0250  0.7214597499386189E+034
 0251  0.7226351574228956E+034
 0252  0.7238036101112260E+034
 0253  0.7249651491546044E+034
 0254  0.7261198154605378E+034
 0255  0.7272676496944866E+034
 0256  0.7284086922812967E+034
 0257  0.7295429834066235E+034
 0258  0.7306705630183469E+034
 0259  0.7317914708279781E+034
 0260  0.7329057463120584E+034
 0261  0.7340134287135497E+034
 0262  0.7351145570432157E+034
 0263  0.7362091700809971E+034
 0264  0.7372973063773762E+034
 0265  0.7383790042547354E+034
 0266  0.7394543018087060E+034
 0267  0.7405232369095108E+034
 0268  0.7415858472032974E+034
 0269  0.7426421701134637E+034
 0270  0.7436922428419765E+034
 0271  0.7447361023706814E+034
 0272  0.7457737854626050E+034
 0273  0.7468053286632503E+034
 0274  0.7478307683018830E+034
 0275  0.7488501404928116E+034
 0276  0.7498634811366588E+034
 0277  0.7508708259216261E+034
 0278  0.7518722103247507E+034
 0279  0.7528676696131550E+034
 0280  0.7538572388452882E+034
 0281  0.7548409528721617E+034
 0282  0.7558188463385761E+034
 0283  0.7567909536843412E+034
 0284  0.7577573091454892E+034
 0285  0.7587179467554802E+034
 0286  0.7596729003464009E+034
 0287  0.7606222035501565E+034
 0288  0.7615658897996545E+034
 0289  0.7625039923299823E+034
 0290  0.7634365441795782E+034
 0291  0.7643635781913945E+034
 0292  0.7652851270140540E+034
 0293  0.7662012231030003E+034
 0294  0.7671118987216408E+034
 0295  0.7680171859424826E+034
 0296  0.7689171166482622E+034
 0297  0.7698117225330683E+034
 0298  0.7707010351034585E+034
 0299  0.7715850856795682E+034
 0300  0.7724639053962140E+034
 0301  0.7733375252039902E+034
 0302  0.7742059758703589E+034
 0303  0.7750692879807333E+034
 0304  0.7759274919395552E+034
 0305  0.7767806179713656E+034
 0306  0.7776286961218692E+034
 0307  0.7784717562589926E+034
 0308  0.7793098280739362E+034
 0309  0.7801429410822198E+034
 0310  0.7809711246247221E+034
 0311  0.7817944078687141E+034
 0312  0.7826128198088863E+034
 0313  0.7834263892683698E+034
 0314  0.7842351448997516E+034
 0315  0.7850391151860833E+034
 0316  0.7858383284418846E+034
 0317  0.7866328128141404E+034
 0318  0.7874225962832919E+034
 0319  0.7882077066642224E+034
 0320  0.7889881716072365E+034
 0321  0.7897640185990340E+034
 0322  0.7905352749636783E+034
 0323  0.7913019678635581E+034
 0324  0.7920641243003445E+034
 0325  0.7928217711159417E+034
 0326  0.7935749349934325E+034
 0327  0.7943236424580178E+034
 0328  0.7950679198779512E+034
 0329  0.7958077934654669E+034
 0330  0.7965432892777039E+034
 0331  0.7972744332176226E+034
 0332  0.7980012510349178E+034
 0333  0.7987237683269254E+034
 0334  0.7994420105395237E+034
 0335  0.8001560029680297E+034
 0336  0.8008657707580900E+034
 0337  0.8015713389065662E+034
 0338  0.8022727322624157E+034
 0339  0.8029699755275661E+034
 0340  0.8036630932577860E+034
 0341  0.8043521098635490E+034
 0342  0.8050370496108943E+034
 0343  0.8057179366222802E+034
 0344  0.8063947948774347E+034
 0345  0.8070676482141996E+034
 0346  0.8077365203293697E+034
 0347  0.8084014347795280E+034
 0348  0.8090624149818749E+034
 0349  0.8097194842150528E+034
 0350  0.8103726656199666E+034
 0351  0.8110219822005978E+034
 0352  0.8116674568248154E+034
 0353  0.8123091122251808E+034
 0354  0.8129469709997488E+034
 0355  0.8135810556128629E+034
 0356  0.8142113883959472E+034
 0357  0.8148379915482921E+034
 0358  0.8154608871378367E+034
 0359  0.8160800971019458E+034
 0360  0.8166956432481824E+034
 0361  0.8173075472550760E+034
 0362  0.8179158306728857E+034
 0363  0.8185205149243594E+034
 0364  0.8191216213054885E+034
 0365  0.8197191709862573E+034
 0366  0.8203131850113891E+034
 0367  0.8209036843010873E+034
 0368  0.8214906896517718E+034
 0369  0.8220742217368118E+034
 0370  0.8226543011072538E+034
 0371  0.8232309481925452E+034
 0372  0.8238041833012542E+034
 0373  0.8243740266217844E+034
 0374  0.8249404982230866E+034
 0375  0.8255036180553646E+034
 0376  0.8260634059507789E+034
 0377  0.8266198816241443E+034
 0378  0.8271730646736248E+034
 0379  0.8277229745814232E+034
 0380  0.8282696307144679E+034
 0381  0.8288130523250947E+034
 0382  0.8293532585517248E+034
 0383  0.8298902684195385E+034
 0384  0.8304241008411458E+034
 0385  0.8309547746172524E+034
 0386  0.8314823084373214E+034
 0387  0.8320067208802319E+034
 0388  0.8325280304149331E+034
 0389  0.8330462554010950E+034
 0390  0.8335614140897549E+034
 0391  0.8340735246239597E+034
 0392  0.8345826050394057E+034
 0393  0.8350886732650732E+034
 0394  0.8355917471238583E+034
 0395  0.8360918443331999E+034
 0396  0.8365889825057047E+034
 0397  0.8370831791497667E+034
 0398  0.8375744516701841E+034
 0399  0.8380628173687723E+034
 0400  0.8385482934449731E+034
 0401  0.8390308969964606E+034
 0402  0.8395106450197432E+034
 0403  0.8399875544107624E+034
 0404  0.8404616419654876E+034
 0405  0.8409329243805077E+034
 0406  0.8414014182536192E+034
 0407  0.8418671400844107E+034
 0408  0.8423301062748442E+034
 0409  0.8427903331298322E+034
 0410  0.8432478368578126E+034
 0411  0.8437026335713190E+034
 0412  0.8441547392875483E+034
 0413  0.8446041699289253E+034
 0414  0.8450509413236627E+034
 0415  0.8454950692063188E+034
 0416  0.8459365692183520E+034
 0417  0.8463754569086711E+034
 0418  0.8468117477341834E+034
 0419  0.8472454570603390E+034
 0420  0.8476766001616715E+034
 0421  0.8481051922223363E+034
 0422  0.8485312483366455E+034
 0423  0.8489547835095992E+034
 0424  0.8493758126574139E+034
 0425  0.8497943506080485E+034
 0426  0.8502104121017255E+034
 0427  0.8506240117914508E+034
 0428  0.8510351642435296E+034
 0429  0.8514438839380794E+034
 0430  0.8518501852695399E+034
 0431  0.8522540825471801E+034
 0432  0.8526555899956020E+034
 0433  0.8530547217552420E+034
 0434  0.8534514918828683E+034
 0435  0.8538459143520763E+034
 0436  0.8542380030537810E+034
 0437  0.8546277717967057E+034
 0438  0.8550152343078686E+034
 0439  0.8554004042330663E+034
 0440  0.8557832951373539E+034
 0441  0.8561639205055236E+034
 0442  0.8565422937425787E+034
 0443  0.8569184281742063E+034
 0444  0.8572923370472465E+034
 0445  0.8576640335301589E+034
 0446  0.8580335307134859E+034
 0447  0.8584008416103148E+034
 0448  0.8587659791567351E+034
 0449  0.8591289562122944E+034
 0450  0.8594897855604514E+034
 0451  0.8598484799090263E+034
 0452  0.8602050518906476E+034
 0453  0.8605595140631982E+034
 0454  0.8609118789102563E+034
 0455  0.8612621588415359E+034
 0456  0.8616103661933241E+034
 0457  0.8619565132289146E+034
 0458  0.8623006121390403E+034
 0459  0.8626426750423027E+034
 0460  0.8629827139855982E+034
 0461  0.8633207409445426E+034
 0462  0.8636567678238933E+034
 0463  0.8639908064579676E+034
 0464  0.8643228686110604E+034
 0465  0.8646529659778581E+034
 0466  0.8649811101838507E+034
 0467  0.8653073127857406E+034
 0468  0.8656315852718506E+034
 0469  0.8659539390625277E+034
 0470  0.8662743855105456E+034
 0471  0.8665929359015045E+034
 0472  0.8669096014542286E+034
 0473  0.8672243933211615E+034
 0474  0.8675373225887581E+034
 0475  0.8678484002778757E+034
 0476  0.8681576373441625E+034
 0477  0.8684650446784424E+034
 0478  0.8687706331070994E+034
 0479  0.8690744133924586E+034
 0480  0.8693763962331653E+034
 0481  0.8696765922645616E+034
 0482  0.8699750120590611E+034
 0483  0.8702716661265214E+034
 0484  0.8705665649146141E+034
 0485  0.8708597188091924E+034
 0486  0.8711511381346574E+034
 0487  0.8714408331543217E+034
 0488  0.8717288140707704E+034
 0489  0.8720150910262208E+034
 0490  0.8722996741028794E+034
 0491  0.8725825733232972E+034
 0492  0.8728637986507224E+034
 0493  0.8731433599894514E+034
 0494  0.8734212671851779E+034
 0495  0.8736975300253391E+034
 0496  0.8739721582394606E+034
 0497  0.8742451614994996E+034
 0498  0.8745165494201847E+034
 0499  0.8747863315593549E+034
 0500  0.8750545174182964E+034
 0501  0.8753211164420768E+034
 0502  0.8755861380198782E+034
 0503  0.8758495914853273E+034
 0504  0.8761114861168246E+034
 0505  0.8763718311378713E+034
 0506  0.8766306357173935E+034
 0507  0.8768879089700655E+034
 0508  0.8771436599566309E+034
 0509  0.8773978976842215E+034
 0510  0.8776506311066746E+034
 0511  0.8779018691248483E+034
 0512  0.8781516205869351E+034
 0513  0.8783998942887735E+034
 0514  0.8786466989741573E+034
 0515  0.8788920433351444E+034
 0516  0.8791359360123621E+034
 0517  0.8793783855953120E+034
 0518  0.8796194006226722E+034
 0519  0.8798589895825983E+034
 0520  0.8800971609130217E+034
 0521  0.8803339230019477E+034
 0522  0.8805692841877500E+034
 0523  0.8808032527594649E+034
 0524  0.8810358369570833E+034
 0525  0.8812670449718405E+034
 0526  0.8814968849465050E+034
 0527  0.8817253649756652E+034
 0528  0.8819524931060141E+034
 0529  0.8821782773366335E+034
 0530  0.8824027256192749E+034
 0531  0.8826258458586403E+034
 0532  0.8828476459126596E+034
 0533  0.8830681335927684E+034
 0534  0.8832873166641824E+034
 0535  0.8835052028461713E+034
 0536  0.8837217998123305E+034
 0537  0.8839371151908509E+034
 0538  0.8841511565647884E+034
 0539  0.8843639314723306E+034
 0540  0.8845754474070618E+034
 0541  0.8847857118182277E+034
 0542  0.8849947321109972E+034
 0543  0.8852025156467234E+034
 0544  0.8854090697432030E+034
 0545  0.8856144016749338E+034
 0546  0.8858185186733707E+034
 0547  0.8860214279271808E+034
 0548  0.8862231365824966E+034
 0549  0.8864236517431674E+034
 0550  0.8866229804710093E+034
 0551  0.8868211297860545E+034
 0552  0.8870181066667978E+034
 0553  0.8872139180504435E+034
 0554  0.8874085708331482E+034
 0555  0.8876020718702649E+034
 0556  0.8877944279765839E+034
 0557  0.8879856459265731E+034
 0558  0.8881757324546161E+034
 0559  0.8883646942552497E+034
 0560  0.8885525379833998E+034
 0561  0.8887392702546155E+034
 0562  0.8889248976453024E+034
 0563  0.8891094266929537E+034
 0564  0.8892928638963810E+034
 0565  0.8894752157159428E+034
 0566  0.8896564885737723E+034
 0567  0.8898366888540032E+034
 0568  0.8900158229029950E+034
 0569  0.8901938970295561E+034
 0570  0.8903709175051662E+034
 0571  0.8905468905641972E+034
 0572  0.8907218224041327E+034
 0573  0.8908957191857864E+034
 0574  0.8910685870335186E+034
 0575  0.8912404320354523E+034
 0576  0.8914112602436880E+034
 0577  0.8915810776745156E+034
 0578  0.8917498903086279E+034
 0579  0.8919177040913297E+034
 0580  0.8920845249327484E+034
 0581  0.8922503587080414E+034
 0582  0.8924152112576033E+034
 0583  0.8925790883872714E+034
 0584  0.8927419958685305E+034
 0585  0.8929039394387158E+034
 0586  0.8930649248012153E+034
 0587  0.8932249576256703E+034
 0588  0.8933840435481754E+034
 0589  0.8935421881714768E+034
 0590  0.8936993970651696E+034
 0591  0.8938556757658944E+034
 0592  0.8940110297775315E+034
 0593  0.8941654645713953E+034
 0594  0.8943189855864268E+034
 0595  0.8944715982293855E+034
 0596  0.8946233078750392E+034
 0597  0.8947741198663536E+034
 0598  0.8949240395146807E+034
 0599  0.8950730720999455E+034
 0600  0.8952212228708322E+034
 0601  0.8953684970449688E+034
 0602  0.8955148998091109E+034
 0603  0.8956604363193248E+034
 0604  0.8958051117011684E+034
 0605  0.8959489310498723E+034
 0606  0.8960918994305190E+034
 0607  0.8962340218782212E+034
 0608  0.8963753033982992E+034
 0609  0.8965157489664573E+034
 0610  0.8966553635289589E+034
 0611  0.8967941520028009E+034
 0612  0.8969321192758863E+034
 0613  0.8970692702071971E+034
 0614  0.8972056096269650E+034
 0615  0.8973411423368416E+034
 0616  0.8974758731100673E+034
 0617  0.8976098066916400E+034
 0618  0.8977429477984814E+034
 0619  0.8978753011196039E+034
 0620  0.8980068713162750E+034
 0621  0.8981376630221820E+034
 0622  0.8982676808435952E+034
 0623  0.8983969293595297E+034
 0624  0.8985254131219071E+034
 0625  0.8986531366557155E+034
 0626  0.8987801044591691E+034
 0627  0.8989063210038664E+034
 0628  0.8990317907349478E+034
 0629  0.8991565180712522E+034
 0630  0.8992805074054727E+034
 0631  0.8994037631043109E+034
 0632  0.8995262895086313E+034
 0633  0.8996480909336134E+034
 0634  0.8997691716689043E+034
 0635  0.8998895359787699E+034
 0636  0.9000091881022444E+034
 0637  0.9001281322532800E+034
 0638  0.9002463726208954E+034
 0639  0.9003639133693231E+034
 0640  0.9004807586381561E+034
 0641  0.9005969125424939E+034
 0642  0.9007123791730873E+034
 0643  0.9008271625964821E+034
 0644  0.9009412668551631E+034
 0645  0.9010546959676957E+034
 0646  0.9011674539288680E+034
 0647  0.9012795447098311E+034
 0648  0.9013909722582392E+034
 0649  0.9015017404983884E+034
 0650  0.9016118533313550E+034
 0651  0.9017213146351332E+034
 0652  0.9018301282647712E+034
 0653  0.9019382980525071E+034
 0654  0.9020458278079042E+034
 0655  0.9021527213179847E+034
 0656  0.9022589823473634E+034
 0657  0.9023646146383800E+034
 0658  0.9024696219112313E+034
 0659  0.9025740078641017E+034
 0660  0.9026777761732941E+034
 0661  0.9027809304933587E+034
 0662  0.9028834744572220E+034
 0663  0.9029854116763148E+034
 0664  0.9030867457406995E+034
 0665  0.9031874802191962E+034
 0666  0.9032876186595087E+034
 0667  0.9033871645883492E+034
 0668  0.9034861215115625E+034
 0669  0.9035844929142498E+034
 0670  0.9036822822608913E+034
 0671  0.9037794929954678E+034
 0672  0.9038761285415826E+034
 0673  0.9039721923025817E+034
 0674  0.9040676876616737E+034
 0675  0.9041626179820494E+034
 0676  0.9042569866069991E+034
 0677  0.9043507968600318E+034
 0678  0.9044440520449915E+034
 0679  0.9045367554461730E+034
 0680  0.9046289103284390E+034
 0681  0.9047205199373336E+034
 0682  0.9048115874991977E+034
 0683  0.9049021162212819E+034
 0684  0.9049921092918598E+034
 0685  0.9050815698803404E+034
 0686  0.9051705011373795E+034
 0687  0.9052589061949905E+034
 0688  0.9053467881666550E+034
 0689  0.9054341501474326E+034
 0690  0.9055209952140695E+034
 0691  0.9056073264251070E+034
 0692  0.9056931468209892E+034
 0693  0.9057784594241702E+034
 0694  0.9058632672392206E+034
 0695  0.9059475732529329E+034
 0696  0.9060313804344272E+034
 0697  0.9061146917352556E+034
 0698  0.9061975100895058E+034
 0699  0.9062798384139050E+034
 0700  0.9063616796079222E+034
 0701  0.9064430365538706E+034
 0702  0.9065239121170087E+034
 0703  0.9066043091456419E+034
 0704  0.9066842304712221E+034
 0705  0.9067636789084477E+034
 0706  0.9068426572553629E+034
 0707  0.9069211682934559E+034
 0708  0.9069992147877573E+034
 0709  0.9070767994869371E+034
 0710  0.9071539251234015E+034
 0711  0.9072305944133894E+034
 0712  0.9073068100570681E+034
 0713  0.9073825747386278E+034
 0714  0.9074578911263770E+034
 0715  0.9075327618728355E+034
 0716  0.9076071896148289E+034
 0717  0.9076811769735804E+034
 0718  0.9077547265548041E+034
 0719  0.9078278409487959E+034
 0720  0.9079005227305254E+034
 0721  0.9079727744597261E+034
 0722  0.9080445986809860E+034
 0723  0.9081159979238365E+034
 0724  0.9081869747028425E+034
 0725  0.9082575315176901E+034
 0726  0.9083276708532750E+034
 0727  0.9083973951797900E+034
 0728  0.9084667069528120E+034
 0729  0.9085356086133884E+034
 0730  0.9086041025881229E+034
 0731  0.9086721912892616E+034
 0732  0.9087398771147769E+034
 0733  0.9088071624484534E+034
 0734  0.9088740496599704E+034
 0735  0.9089405411049862E+034
 0736  0.9090066391252210E+034
 0737  0.9090723460485388E+034
 0738  0.9091376641890302E+034
 0739  0.9092025958470933E+034
 0740  0.9092671433095151E+034
 0741  0.9093313088495517E+034
 0742  0.9093950947270084E+034
 0743  0.9094585031883198E+034
 0744  0.9095215364666282E+034
 0745  0.9095841967818627E+034
 0746  0.9096464863408171E+034
 0747  0.9097084073372280E+034
 0748  0.9097699619518516E+034
 0749  0.9098311523525410E+034
 0750  0.9098919806943219E+034
 0751  0.9099524491194694E+034
 0752  0.9100125597575823E+034
 0753  0.9100723147256591E+034
 0754  0.9101317161281723E+034
 0755  0.9101907660571421E+034
 0756  0.9102494665922105E+034
 0757  0.9103078198007145E+034
 0758  0.9103658277377586E+034
 0759  0.9104234924462877E+034
 0760  0.9104808159571586E+034
 0761  0.9105378002892116E+034
 0762  0.9105944474493419E+034
 0763  0.9106507594325697E+034
 0764  0.9107067382221110E+034
 0765  0.9107623857894475E+034
 0766  0.9108177040943956E+034
 0767  0.9108726950851754E+034
 0768  0.9109273606984799E+034
 0769  0.9109817028595426E+034
 0770  0.9110357234822056E+034
 0771  0.9110894244689870E+034
 0772  0.9111428077111478E+034
 0773  0.9111958750887585E+034
 0774  0.9112486284707654E+034
 0775  0.9113010697150565E+034
 0776  0.9113532006685266E+034
 0777  0.9114050231671427E+034
 0778  0.9114565390360087E+034
 0779  0.9115077500894292E+034
 0780  0.9115586581309738E+034
 0781  0.9116092649535404E+034
 0782  0.9116595723394189E+034
 0783  0.9117095820603531E+034
 0784  0.9117592958776036E+034
 0785  0.9118087155420098E+034
 0786  0.9118578427940515E+034
 0787  0.9119066793639103E+034
 0788  0.9119552269715304E+034
 0789  0.9120034873266790E+034
 0790  0.9120514621290073E+034
 0791  0.9120991530681092E+034
 0792  0.9121465618235817E+034
 0793  0.9121936900650837E+034
 0794  0.9122405394523948E+034
 0795  0.9122871116354739E+034
 0796  0.9123334082545173E+034
 0797  0.9123794309400161E+034
 0798  0.9124251813128141E+034
 0799  0.9124706609841647E+034
 0800  0.9125158715557877E+034
 0801  0.9125608146199254E+034
 0802  0.9126054917593991E+034
 0803  0.9126499045476648E+034
 0804  0.9126940545488681E+034
 0805  0.9127379433179000E+034
 0806  0.9127815724004513E+034
 0807  0.9128249433330668E+034
 0808  0.9128680576432000E+034
 0809  0.9129109168492664E+034
 0810  0.9129535224606974E+034
 0811  0.9129958759779927E+034
 0812  0.9130379788927743E+034
 0813  0.9130798326878377E+034
 0814  0.9131214388372053E+034
 0815  0.9131627988061777E+034
 0816  0.9132039140513856E+034
 0817  0.9132447860208406E+034
 0818  0.9132854161539866E+034
 0819  0.9133258058817506E+034
 0820  0.9133659566265928E+034
 0821  0.9134058698025568E+034
 0822  0.9134455468153194E+034
 0823  0.9134849890622402E+034
 0824  0.9135241979324107E+034
 0825  0.9135631748067032E+034
 0826  0.9136019210578195E+034
 0827  0.9136404380503393E+034
 0828  0.9136787271407680E+034
 0829  0.9137167896775850E+034
 0830  0.9137546270012906E+034
 0831  0.9137922404444533E+034
 0832  0.9138296313317573E+034
 0833  0.9138668009800485E+034
 0834  0.9139037506983812E+034
 0835  0.9139404817880641E+034
 0836  0.9139769955427062E+034
 0837  0.9140132932482621E+034
 0838  0.9140493761830779E+034
 0839  0.9140852456179353E+034
 0840  0.9141209028160974E+034
 0841  0.9141563490333524E+034
 0842  0.9141915855180582E+034
 0843  0.9142266135111861E+034
 0844  0.9142614342463649E+034
 0845  0.9142960489499239E+034
 0846  0.9143304588409365E+034
 0847  0.9143646651312628E+034
 0848  0.9143986690255923E+034
 0849  0.9144324717214867E+034
 0850  0.9144660744094219E+034
 0851  0.9144994782728293E+034
 0852  0.9145326844881386E+034
 0853  0.9145656942248184E+034
 0854  0.9145985086454176E+034
 0855  0.9146311289056066E+034
 0856  0.9146635561542176E+034
 0857  0.9146957915332853E+034
 0858  0.9147278361780871E+034
 0859  0.9147596912171830E+034
 0860  0.9147913577724554E+034
 0861  0.9148228369591488E+034
 0862  0.9148541298859084E+034
 0863  0.9148852376548202E+034
 0864  0.9149161613614489E+034
 0865  0.9149469020948769E+034
 0866  0.9149774609377426E+034
 0867  0.9150078389662785E+034
 0868  0.9150380372503492E+034
 0869  0.9150680568534888E+034
 0870  0.9150978988329387E+034
 0871  0.9151275642396848E+034
 0872  0.9151570541184941E+034
 0873  0.9151863695079520E+034
 0874  0.9152155114404985E+034
 0875  0.9152444809424650E+034
 0876  0.9152732790341098E+034
 0877  0.9153019067296548E+034
 0878  0.9153303650373205E+034
 0879  0.9153586549593623E+034
 0880  0.9153867774921048E+034
 0881  0.9154147336259777E+034
 0882  0.9154425243455504E+034
 0883  0.9154701506295664E+034
 0884  0.9154976134509785E+034
 0885  0.9155249137769824E+034
 0886  0.9155520525690509E+034
 0887  0.9155790307829679E+034
 0888  0.9156058493688620E+034
 0889  0.9156325092712401E+034
 0890  0.9156590114290202E+034
 0891  0.9156853567755651E+034
 0892  0.9157115462387148E+034
 0893  0.9157375807408195E+034
 0894  0.9157634611987717E+034
 0895  0.9157891885240390E+034
 0896  0.9158147636226955E+034
 0897  0.9158401873954545E+034
 0898  0.9158654607376998E+034
 0899  0.9158905845395172E+034
 0900  0.9159155596857259E+034
 0901  0.9159403870559097E+034
 0902  0.9159650675244481E+034
 0903  0.9159896019605467E+034
 0904  0.9160139912282685E+034
 0905  0.9160382361865635E+034
 0906  0.9160623376892996E+034
 0907  0.9160862965852921E+034
 0908  0.9161101137183345E+034
 0909  0.9161337899272271E+034
 0910  0.9161573260458074E+034
 0911  0.9161807229029790E+034
 0912  0.9162039813227408E+034
 0913  0.9162271021242165E+034
 0914  0.9162500861216829E+034
 0915  0.9162729341245989E+034
 0916  0.9162956469376339E+034
 0917  0.9163182253606957E+034
 0918  0.9163406701889598E+034
 0919  0.9163629822128963E+034
 0920  0.9163851622182983E+034
 0921  0.9164072109863091E+034
 0922  0.9164291292934505E+034
 0923  0.9164509179116494E+034
 0924  0.9164725776082654E+034
 0925  0.9164941091461174E+034
 0926  0.9165155132835112E+034
 0927  0.9165367907742654E+034
 0928  0.9165579423677385E+034
 0929  0.9165789688088551E+034
 0930  0.9165998708381320E+034
 0931  0.9166206491917047E+034
 0932  0.9166413046013526E+034
 0933  0.9166618377945256E+034
 0934  0.9166822494943693E+034
 0935  0.9167025404197503E+034
 0936  0.9167227112852819E+034
 0937  0.9167427628013491E+034
 0938  0.9167626956741332E+034
 0939  0.9167825106056378E+034
 0940  0.9168022082937121E+034
 0941  0.9168217894320767E+034
 0942  0.9168412547103472E+034
 0943  0.9168606048140588E+034
 0944  0.9168798404246908E+034
 0945  0.9168989622196897E+034
 0946  0.9169179708724939E+034
 0947  0.9169368670525573E+034
 0948  0.9169556514253723E+034
 0949  0.9169743246524939E+034
 0950  0.9169928873915626E+034
 0951  0.9170113402963278E+034
 0952  0.9170296840166704E+034
 0953  0.9170479191986266E+034
 0954  0.9170660464844095E+034
 0955  0.9170840665124326E+034
 0956  0.9171019799173317E+034
 0957  0.9171197873299878E+034
 0958  0.9171374893775489E+034
 0959  0.9171550866834520E+034
 0960  0.9171725798674455E+034
 0961  0.9171899695456109E+034
 0962  0.9172072563303842E+034
 0963  0.9172244408305776E+034
 0964  0.9172415236514012E+034
 0965  0.9172585053944839E+034
 0966  0.9172753866578951E+034
 0967  0.9172921680361654E+034
 0968  0.9173088501203072E+034
 0969  0.9173254334978364E+034
 0970  0.9173419187527926E+034
 0971  0.9173583064657594E+034
 0972  0.9173745972138853E+034
 0973  0.9173907915709038E+034
 0974  0.9174068901071537E+034
 0975  0.9174228933895992E+034
 0976  0.9174388019818496E+034
 0977  0.9174546164441797E+034
 0978  0.9174703373335491E+034
 0979  0.9174859652036215E+034
 0980  0.9175015006047852E+034
 0981  0.9175169440841717E+034
 0982  0.9175322961856747E+034
 0983  0.9175475574499705E+034
 0984  0.9175627284145359E+034
 0985  0.9175778096136674E+034
 0986  0.9175928015785000E+034
 0987  0.9176077048370265E+034
 0988  0.9176225199141151E+034
 0989  0.9176372473315287E+034
 0990  0.9176518876079429E+034
 0991  0.9176664412589643E+034
 0992  0.9176809087971487E+034
 0993  0.9176952907320190E+034
 0994  0.9177095875700837E+034
 0995  0.9177237998148539E+034
 0996  0.9177379279668616E+034
 0997  0.9177519725236774E+034
 0998  0.9177659339799276E+034
 0999  0.9177798128273117E+034
 1000  0.9177936095546203E+034
 1001  0.9178073246477513E+034
 1002  0.9178209585897281E+034
 1003  0.9178345118607157E+034
 1004  0.9178479849380384E+034
 1005  0.9178613782961956E+034
 1006  0.9178746924068798E+034
 1007  0.9178879277389922E+034
 1008  0.9179010847586592E+034
 1009  0.9179141639292500E+034
 1010  0.9179271657113913E+034
 1011  0.9179400905629849E+034
 1012  0.9179529389392226E+034
 1013  0.9179657112926034E+034
 1014  0.9179784080729488E+034
 1015  0.9179910297274186E+034
 1016  0.9180035767005267E+034
 1017  0.9180160494341572E+034
 1018  0.9180284483675792E+034
 1019  0.9180407739374630E+034
 1020  0.9180530265778951E+034
 1021  0.9180652067203933E+034
 1022  0.9180773147939224E+034
 1023  0.9180893512249090E+034
 1024  0.9181013164372564E+034
 1025  0.9181132108523600E+034
 1026  0.9181250348891215E+034
 1027  0.9181367889639643E+034
 1028  0.9181484734908477E+034
 1029  0.9181600888812815E+034
 1030  0.9181716355443408E+034
 1031  0.9181831138866803E+034
 1032  0.9181945243125485E+034
 1033  0.9182058672238018E+034
 1034  0.9182171430199189E+034
 1035  0.9182283520980153E+034
 1036  0.9182394948528561E+034
 1037  0.9182505716768709E+034
 1038  0.9182615829601676E+034
 1039  0.9182725290905455E+034
 1040  0.9182834104535092E+034
 1041  0.9182942274322828E+034
 1042  0.9183049804078225E+034
 1043  0.9183156697588305E+034
 1044  0.9183262958617685E+034
 1045  0.9183368590908702E+034
 1046  0.9183473598181553E+034
 1047  0.9183577984134423E+034
 1048  0.9183681752443616E+034
 1049  0.9183784906763680E+034
 1050  0.9183887450727542E+034
 1051  0.9183989387946635E+034
 1052  0.9184090722011020E+034
 1053  0.9184191456489517E+034
 1054  0.9184291594929830E+034
 1055  0.9184391140858671E+034
 1056  0.9184490097781884E+034
 1057  0.9184588469184571E+034
 1058  0.9184686258531212E+034
 1059  0.9184783469265789E+034
 1060  0.9184880104811903E+034
 1061  0.9184976168572902E+034
 1062  0.9185071663931994E+034
 1063  0.9185166594252370E+034
 1064  0.9185260962877320E+034
 1065  0.9185354773130353E+034
 1066  0.9185448028315312E+034
 1067  0.9185540731716495E+034
 1068  0.9185632886598760E+034
 1069  0.9185724496207655E+034
 1070  0.9185815563769519E+034
 1071  0.9185906092491603E+034
 1072  0.9185996085562181E+034
 1073  0.9186085546150662E+034
 1074  0.9186174477407701E+034
 1075  0.9186262882465312E+034
 1076  0.9186350764436977E+034
 1077  0.9186438126417754E+034
 1078  0.9186524971484391E+034
 1079  0.9186611302695429E+034
 1080  0.9186697123091311E+034
 1081  0.9186782435694491E+034
 1082  0.9186867243509541E+034
 1083  0.9186951549523254E+034
 1084  0.9187035356704749E+034
 1085  0.9187118668005578E+034
 1086  0.9187201486359828E+034
 1087  0.9187283814684228E+034
 1088  0.9187365655878245E+034
 1089  0.9187447012824194E+034
 1090  0.9187527888387331E+034
 1091  0.9187608285415964E+034
 1092  0.9187688206741544E+034
 1093  0.9187767655178769E+034
 1094  0.9187846633525684E+034
 1095  0.9187925144563776E+034
 1096  0.9188003191058078E+034
 1097  0.9188080775757258E+034
 1098  0.9188157901393722E+034
 1099  0.9188234570683709E+034
 1100  0.9188310786327388E+034
 1101  0.9188386551008948E+034
 1102  0.9188461867396697E+034
 1103  0.9188536738143156E+034
 1104  0.9188611165885149E+034
 1105  0.9188685153243901E+034
 1106  0.9188758702825124E+034
 1107  0.9188831817219116E+034
 1108  0.9188904499000846E+034
 1109  0.9188976750730046E+034
 1110  0.9189048574951305E+034
 1111  0.9189119974194156E+034
 1112  0.9189190950973161E+034
 1113  0.9189261507788009E+034
 1114  0.9189331647123595E+034
 1115  0.9189401371450109E+034
 1116  0.9189470683223131E+034
 1117  0.9189539584883707E+034
 1118  0.9189608078858441E+034
 1119  0.9189676167559580E+034
 1120  0.9189743853385095E+034
 1121  0.9189811138718772E+034
 1122  0.9189878025930290E+034
 1123  0.9189944517375305E+034
 1124  0.9190010615395539E+034
 1125  0.9190076322318857E+034
 1126  0.9190141640459349E+034
 1127  0.9190206572117412E+034
 1128  0.9190271119579834E+034
 1129  0.9190335285119870E+034
 1130  0.9190399070997327E+034
 1131  0.9190462479458638E+034
 1132  0.9190525512736947E+034
 1133  0.9190588173052182E+034
 1134  0.9190650462611136E+034
 1135  0.9190712383607547E+034
 1136  0.9190773938222170E+034
 1137  0.9190835128622860E+034
 1138  0.9190895956964641E+034
 1139  0.9190956425389788E+034
 1140  0.9191016536027900E+034
 1141  0.9191076290995978E+034
 1142  0.9191135692398491E+034
 1143  0.9191194742327460E+034
 1144  0.9191253442862529E+034
 1145  0.9191311796071033E+034
 1146  0.9191369804008077E+034
 1147  0.9191427468716606E+034
 1148  0.9191484792227477E+034
 1149  0.9191541776559530E+034
 1150  0.9191598423719659E+034
 1151  0.9191654735702887E+034
 1152  0.9191710714492428E+034
 1153  0.9191766362059765E+034
 1154  0.9191821680364713E+034
 1155  0.9191876671355493E+034
 1156  0.9191931336968797E+034
 1157  0.9191985679129860E+034
 1158  0.9192039699752522E+034
 1159  0.9192093400739303E+034
 1160  0.9192146783981464E+034
 1161  0.9192199851359075E+034
 1162  0.9192252604741082E+034
 1163  0.9192305045985373E+034
 1164  0.9192357176938843E+034
 1165  0.9192408999437459E+034
 1166  0.9192460515306325E+034
 1167  0.9192511726359746E+034
 1168  0.9192562634401291E+034
 1169  0.9192613241223858E+034
 1170  0.9192663548609737E+034
 1171  0.9192713558330672E+034
 1172  0.9192763272147922E+034
 1173  0.9192812691812328E+034
 1174  0.9192861819064370E+034
 1175  0.9192910655634229E+034
 1176  0.9192959203241848E+034
 1177  0.9193007463596997E+034
 1178  0.9193055438399325E+034
 1179  0.9193103129338428E+034
 1180  0.9193150538093900E+034
 1181  0.9193197666335401E+034
 1182  0.9193244515722712E+034
 1183  0.9193291087905792E+034
 1184  0.9193337384524836E+034
 1185  0.9193383407210335E+034
 1186  0.9193429157583133E+034
 1187  0.9193474637254484E+034
 1188  0.9193519847826108E+034
 1189  0.9193564790890245E+034
 1190  0.9193609468029719E+034
 1191  0.9193653880817984E+034
 1192  0.9193698030819188E+034
 1193  0.9193741919588219E+034
 1194  0.9193785548670770E+034
 1195  0.9193828919603384E+034
 1196  0.9193872033913517E+034
 1197  0.9193914893119583E+034
 1198  0.9193957498731014E+034
 1199  0.9193999852248309E+034
 1200  0.9194041955163091E+034
 1201  0.9194083808958154E+034
 1202  0.9194125415107523E+034
 1203  0.9194166775076495E+034
 1204  0.9194207890321702E+034
 1205  0.9194248762291157E+034
 1206  0.9194289392424303E+034
 1207  0.9194329782152066E+034
 1208  0.9194369932896909E+034
 1209  0.9194409846072873E+034
 1210  0.9194449523085636E+034
 1211  0.9194488965332557E+034
 1212  0.9194528174202728E+034
 1213  0.9194567151077020E+034
 1214  0.9194605897328135E+034
 1215  0.9194644414320655E+034
 1216  0.9194682703411083E+034
 1217  0.9194720765947900E+034
 1218  0.9194758603271606E+034
 1219  0.9194796216714768E+034
 1220  0.9194833607602072E+034
 1221  0.9194870777250363E+034
 1222  0.9194907726968696E+034
 1223  0.9194944458058379E+034
 1224  0.9194980971813021E+034
 1225  0.9195017269518577E+034
 1226  0.9195053352453394E+034
 1227  0.9195089221888251E+034
 1228  0.9195124879086414E+034
 1229  0.9195160325303668E+034
 1230  0.9195195561788374E+034
 1231  0.9195230589781503E+034
 1232  0.9195265410516680E+034
 1233  0.9195300025220240E+034
 1234  0.9195334435111253E+034
 1235  0.9195368641401578E+034
 1236  0.9195402645295908E+034
 1237  0.9195436447991803E+034
 1238  0.9195470050679737E+034
 1239  0.9195503454543144E+034
 1240  0.9195536660758453E+034
 1241  0.9195569670495133E+034
 1242  0.9195602484915732E+034
 1243  0.9195635105175921E+034
 1244  0.9195667532424532E+034
 1245  0.9195699767803599E+034
 1246  0.9195731812448401E+034
 1247  0.9195763667487497E+034
 1248  0.9195795334042769E+034
 1249  0.9195826813229462E+034
 1250  0.9195858106156222E+034
 1251  0.9195889213925134E+034
 1252  0.9195920137631762E+034
 1253  0.9195950878365190E+034
 1254  0.9195981437208055E+034
 1255  0.9196011815236592E+034
 1256  0.9196042013520663E+034
 1257  0.9196072033123802E+034
 1258  0.9196101875103253E+034
 1259  0.9196131540509999E+034
 1260  0.9196161030388809E+034
 1261  0.9196190345778266E+034
 1262  0.9196219487710813E+034
 1263  0.9196248457212779E+034
 1264  0.9196277255304424E+034
 1265  0.9196305882999969E+034
