 0001  0.9440861015003303E+000
 0002  0.9440861015003303E+000
 0003  0.9440861015003303E+000
 0004  0.9440861015003303E+000
 0005  0.9440861015003303E+000
 0006  0.9443695190355884E+000
 0007  0.9443695190355884E+000
 0008  0.9443695190355884E+000
 0009  0.9443695190355884E+000
 0010  0.9443695190355884E+000
 0011  0.9443695190355884E+000
 0012  0.9443695190355884E+000
 0013  0.9446523653197433E+000
 0014  0.9446523653197433E+000
 0015  0.9446523653197434E+000
 0016  0.9446523653197434E+000
 0017  0.9446523653197434E+000
 0018  0.9449462516798720E+000
 0019  0.9449462516798720E+000
 0020  0.9449462516798720E+000
 0021  0.9449462516798720E+000
 0022  0.9449462516798720E+000
 0023  0.9449462516798720E+000
 0024  0.9452520753718946E+000
 0025  0.9452520753718946E+000
 0026  0.9452520753718946E+000
 0027  0.9452520753718946E+000
 0028  0.9455653241296919E+000
 0029  0.9455653241296919E+000
 0030  0.9455653241296919E+000
 0031  0.9455653241296919E+000
 0032  0.9455653241296920E+000
 0033  0.9458869766314515E+000
 0034  0.9458869766314515E+000
 0035  0.9458869766314515E+000
 0036  0.9458869766314515E+000
 0037  0.9462112024135843E+000
 0038  0.9462112024135843E+000
 0039  0.9462112024135843E+000
 0040  0.9465333006496633E+000
 0041  0.9465333006496633E+000
 0042  0.9465333006496633E+000
 0043  0.9465333006496633E+000
 0044  0.9468536182054287E+000
 0045  0.9468536182054287E+000
 0046  0.9468536182054287E+000
 0047  0.9471664278617411E+000
 0048  0.9471664278617411E+000
 0049  0.9471664278617411E+000
 0050  0.9474650784796930E+000
 0051  0.9474650784796930E+000
 0052  0.9474650784796930E+000
 0053  0.9477291195002991E+000
 0054  0.9477291195002991E+000
 0055  0.9477291195002991E+000
 0056  0.9479637246847695E+000
 0057  0.9479637246847695E+000
 0058  0.9479637246847695E+000
 0059  0.9481609363277397E+000
 0060  0.9481609363277397E+000
 0061  0.9481609363277396E+000
 0062  0.9483189815846749E+000
 0063  0.9483189815846749E+000
 0064  0.9484338184079724E+000
 0065  0.9484338184079724E+000
 0066  0.9484575260487427E+000
 0067  0.9484575260487427E+000
 0068  0.9484304268788022E+000
 0069  0.9484304268788022E+000
 0070  0.9483513688902860E+000
 0071  0.9483513688902860E+000
 0072  0.9482188808483951E+000
 0073  0.9482188808483951E+000
 0074  0.9480262207071791E+000
 0075  0.9480262207071791E+000
 0076  0.9477028797518362E+000
 0077  0.9473253001933073E+000
 0078  0.9473253001933073E+000
 0079  0.9468798154102072E+000
 0080  0.9463756519660943E+000
 0081  0.9463756519660943E+000
 0082  0.9458006356443134E+000
 0083  0.9450732452679921E+000
 0084  0.9450732452679921E+000
 0085  0.9442689622517220E+000
 0086  0.9434068990663075E+000
 0087  0.9424829904285551E+000
 0088  0.9413992606323808E+000
 0089  0.9413992606323808E+000
 0090  0.9402283620539422E+000
 0091  0.9389971931084277E+000
 0092  0.9377061636592388E+000
 0093  0.9363554864327710E+000
 0094  0.9348298498339929E+000
 0095  0.9332472858594095E+000
 0096  0.9316037526233907E+000
 0097  0.9298991528410581E+000
 0098  0.9280150923035928E+000
 0099  0.9241403555924060E+000
 0100  0.9221501622830259E+000
 0101  0.9199832921224054E+000
 0102  0.9177638397674848E+000
 0103  0.9154900112948351E+000
 0104  0.9107508506910235E+000
 0105  0.9082916255590261E+000
 0106  0.9057868882384756E+000
 0107  0.9032353754786400E+000
 0108  0.9005217311071299E+000
 0109  0.8950704771020705E+000
 0110  0.8923320064018491E+000
 0111  0.8894440897783864E+000
 0112  0.8865232226147008E+000
 0113  0.8835707156403116E+000
 0114  0.8774611843542522E+000
 0115  0.8744174951189732E+000
 0116  0.8713479288160075E+000
 0117  0.8681489835677813E+000
 0118  0.8617956666835724E+000
 0119  0.8586398505914348E+000
 0120  0.8553657437720540E+000
 0121  0.8520776927133861E+000
 0122  0.8487752970380751E+000
 0123  0.8420502007366730E+000
 0124  0.8387265447654022E+000
 0125  0.8353028509820357E+000
 0126  0.8318741515713028E+000
 0127  0.8250220566526415E+000
 0128  0.8216015357002522E+000
 0129  0.8181793352414019E+000
 0130  0.8147561271614856E+000
 0131  0.8078498590623944E+000
 0132  0.8044508389389513E+000
 0133  0.8009763089985530E+000
 0134  0.7975068744347122E+000
 0135  0.7906119171388293E+000
 0136  0.7871874754183539E+000
 0137  0.7837701406211883E+000
 0138  0.7802907013086884E+000
 0139  0.7733953810115719E+000
 0140  0.7699800758928863E+000
 0141  0.7665761350435752E+000
 0142  0.7631208279069925E+000
 0143  0.7563471611234922E+000
 0144  0.7529675314941519E+000
 0145  0.7496026232246444E+000
 0146  0.7429510516585374E+000
 0147  0.7396645412506386E+000
 0148  0.7363397875793629E+000
 0149  0.7330323462193749E+000
 0150  0.7265048310003792E+000
 0151  0.7232845276416789E+000
 0152  0.7200327791257664E+000
 0153  0.7167996620720047E+000
 0154  0.7104252355799126E+000
 0155  0.7072833128178294E+000
 0156  0.7041146137824169E+000
 0157  0.6979131333637636E+000
 0158  0.6948359985009966E+000
 0159  0.6917767864346100E+000
 0160  0.6857061840838514E+000
 0161  0.6826960107139645E+000
 0162  0.6797037598364597E+000
 0163  0.6737696682148597E+000
 0164  0.6708651906375513E+000
 0165  0.6679404480675041E+000
 0166  0.6650331391050305E+000
 0167  0.6592688477118407E+000
 0168  0.6564124952937451E+000
 0169  0.6535733640542056E+000
 0170  0.6479457520919634E+000
 0171  0.6451576470768294E+000
 0172  0.6423863297508905E+000
 0173  0.6368943293688575E+000
 0174  0.6341741066312858E+000
 0175  0.6314703569319300E+000
 0176  0.6261140012813409E+000
 0177  0.6234616526975555E+000
 0178  0.6182362414951279E+000
 0179  0.6156356227016506E+000
 0180  0.6130510749015818E+000
 0181  0.6079345091015511E+000
 0182  0.6054028319377153E+000
 0183  0.6028868972374104E+000
 0184  0.5978840252999591E+000
 0185  0.5954216536878367E+000
 0186  0.5929517858438828E+000
 0187  0.5880898865227617E+000
 0188  0.5856756177035142E+000
 0189  0.5809236988959461E+000
 0190  0.5785852928703830E+000
 0191  0.5762417063803702E+000
 0192  0.5716100664380039E+000
 0193  0.5693220976238407E+000
 0194  0.5648013667876437E+000
 0195  0.5625686910727816E+000
 0196  0.5603336076653985E+000
 0197  0.5559365280559443E+000
 0198  0.5537576473603543E+000
 0199  0.5494558448431015E+000
 0200  0.5473328694242335E+000
 0201  0.5452095016067307E+000
 0202  0.5410334369643712E+000
 0203  0.5389660941315872E+000
 0204  0.5348736372114089E+000
 0205  0.5328618836520462E+000
 0206  0.5288801279685376E+000
 0207  0.5269105550243508E+000
 0208  0.5230258464484742E+000
 0209  0.5211105292796870E+000
 0210  0.5191973735563047E+000
 0211  0.5154144151400752E+000
 0212  0.5135448605795523E+000
 0213  0.5098593995106915E+000
 0214  0.5080432412016221E+000
 0215  0.5044536297476356E+000
 0216  0.5026803263944282E+000
 0217  0.4991765455455204E+000
 0218  0.4974461643174134E+000
 0219  0.4940281219597642E+000
 0220  0.4923405722388217E+000
 0221  0.4890084235153628E+000
 0222  0.4873639891167711E+000
 0223  0.4841182563064172E+000
 0224  0.4825170534464325E+000
 0225  0.4793576827484926E+000
 0226  0.4777995542234611E+000
 0227  0.4747147325811453E+000
 0228  0.4731940795600962E+000
 0229  0.4701957278720459E+000
 0230  0.4672656285617014E+000
 0231  0.4658192447114230E+000
 0232  0.4629682103132403E+000
 0233  0.4615591602293572E+000
 0234  0.4587824278664205E+000
 0235  0.4574106813981114E+000
 0236  0.4547043500086978E+000
 0237  0.4520625165648967E+000
 0238  0.4507580776313687E+000
 0239  0.4481853337014808E+000
 0240  0.4469169551121827E+000
 0241  0.4444127999297054E+000
 0242  0.4419666574788181E+000
 0243  0.4407596704495162E+000
 0244  0.4383776037632497E+000
 0245  0.4372025497584269E+000
 0246  0.4348818217357403E+000
 0247  0.4326160598269442E+000
 0248  0.4314976416605819E+000
 0249  0.4292896048786520E+000
 0250  0.4271305954543437E+000
 0251  0.4260653012189736E+000
 0252  0.4239628818360777E+000
 0253  0.4219078089340167E+000
 0254  0.4208926010056036E+000
 0255  0.4188896516063436E+000
 0256  0.4169297725042338E+000
 0257  0.4150134900676514E+000
 0258  0.4140679440825377E+000
 0259  0.4121996193598028E+000
 0260  0.4103723500284390E+000
 0261  0.4094700189468361E+000
 0262  0.4076878946907896E+000
 0263  0.4059438126835416E+000
 0264  0.4042363699149539E+000
 0265  0.4025650005832303E+000
 0266  0.4017394905872299E+000
 0267  0.4001087716753065E+000
 0268  0.3985120704788575E+000
 0269  0.3969478271049429E+000
 0270  0.3954152137248491E+000
 0271  0.3946583373800464E+000
 0272  0.3931625365624776E+000
 0273  0.3916967886128371E+000
 0274  0.3902605052371680E+000
 0275  0.3888528290654649E+000
 0276  0.3874727646043368E+000
 0277  0.3861197613993290E+000
 0278  0.3854510630543801E+000
 0279  0.3841288606489336E+000
 0280  0.3828325447195053E+000
 0281  0.3815611497744856E+000
 0282  0.3803139407071324E+000
 0283  0.3790904304510153E+000
 0284  0.3778899769615419E+000
 0285  0.3767119875241424E+000
 0286  0.3755558779535633E+000
 0287  0.3744211219402200E+000
 0288  0.3733110293696404E+000
 0289  0.3722268199148805E+000
 0290  0.3711676709640711E+000
 0291  0.3701327928998991E+000
 0292  0.3691214275095653E+000
 0293  0.3681328464839138E+000
 0294  0.3671663500000263E+000
 0295  0.3662212653820156E+000
 0296  0.3652969458351029E+000
 0297  0.3643927692484121E+000
 0298  0.3630765894453287E+000
 0299  0.3622248824173803E+000
 0300  0.3613911490301814E+000
 0301  0.3605748720515716E+000
 0302  0.3597755530732977E+000
 0303  0.3589927116866315E+000
 0304  0.3578513696316737E+000
 0305  0.3571116620289837E+000
 0306  0.3563867470056192E+000
 0307  0.3556762212198133E+000
 0308  0.3546392573111868E+000
 0309  0.3539665240403348E+000
 0310  0.3533067598265163E+000
 0311  0.3523431471380900E+000
 0312  0.3517175325989905E+000
 0313  0.3508033025212479E+000
 0314  0.3502094325960285E+000
 0315  0.3496264636049105E+000
 0316  0.3487739685912610E+000
 0317  0.3482198264761892E+000
 0318  0.3474090895084946E+000
 0319  0.3468818368837817E+000
 0320  0.3461100786343358E+000
 0321  0.3456079430795501E+000
 0322  0.3448726186465304E+000
 0323  0.3443939758282043E+000
 0324  0.3436927509705658E+000
 0325  0.3430122358686293E+000
 0326  0.3425689590401709E+000
 0327  0.3419191023873357E+000
 0328  0.3412879098616067E+000
 0329  0.3406746490680714E+000
 0330  0.3402748175457433E+000
 0331  0.3396881336375271E+000
 0332  0.3391176802036699E+000
 0333  0.3385628455377834E+000
 0334  0.3380230475636126E+000
 0335  0.3374977320871984E+000
 0336  0.3369863711700495E+000
 0337  0.3364884616137420E+000
 0338  0.3360035235472050E+000
 0339  0.3355310991087331E+000
 0340  0.3350707512154545E+000
 0341  0.3346220624136089E+000
 0342  0.3340420795599147E+000
 0343  0.3336202677835648E+000
 0344  0.3332088075122074E+000
 0345  0.3326764463124056E+000
 0346  0.3322889125810875E+000
 0347  0.3319106071209225E+000
 0348  0.3314207162763285E+000
 0349  0.3310637949000650E+000
 0350  0.3306013260146191E+000
 0351  0.3301541237874719E+000
 0352  0.3298280110403375E+000
 0353  0.3294050929430505E+000
 0354  0.3289957304089682E+000
 0355  0.3285993497509456E+000
 0356  0.3282154084591437E+000
 0357  0.3278433931279914E+000
 0358  0.3274828175453727E+000
 0359  0.3271332209294944E+000
 0360  0.3267114020364026E+000
 0361  0.3263855662870662E+000
 0362  0.3260693429908765E+000
 0363  0.3256873796513711E+000
 0364  0.3253198565357845E+000
 0365  0.3250355517480829E+000
 0366  0.3246917723070367E+000
 0367  0.3243606009655409E+000
 0368  0.3240414480534219E+000
 0369  0.3236738151498570E+000
 0370  0.3233796223836386E+000
 0371  0.3230404341572338E+000
 0372  0.3227687663173253E+000
 0373  0.3224552855247272E+000
 0374  0.3221549866659602E+000
 0375  0.3218671816899183E+000
 0376  0.3215465291270132E+000
 0377  0.3212839483037012E+000
 0378  0.3209911063342674E+000
 0379  0.3207121548524680E+000
 0380  0.3204462947102996E+000
 0381  0.3201576732364080E+000
 0382  0.3198844140381468E+000
 0383  0.3196255413878525E+000
 0384  0.3193505015607153E+000
 0385  0.3190915637707095E+000
 0386  0.3188214956938753E+000
 0387  0.3185687375525553E+000
 0388  0.3183320050005998E+000
 0389  0.3180887929854396E+000
 0390  0.3178425454160583E+000
 0391  0.3175964688147779E+000
 0392  0.3173534728752786E+000
 0393  0.3171161287518848E+000
 0394  0.3168866440516503E+000
 0395  0.3166546787993919E+000
 0396  0.3164258530534022E+000
 0397  0.3162049738966787E+000
 0398  0.3159799155050682E+000
 0399  0.3157612792601491E+000
 0400  0.3155414543528734E+000
 0401  0.3153288894466256E+000
 0402  0.3151161725265814E+000
 0403  0.3149068766364556E+000
 0404  0.3148688902584438E+000
 0405  0.3148688902584438E+000
 0406  0.3148688902584438E+000
 0407  0.3148688902584438E+000
 0408  0.3148688902584438E+000
 0409  0.3148688902584438E+000
 0410  0.3148688902584438E+000
 0411  0.3148688902584438E+000
 0412  0.3148688902584438E+000
 0413  0.3148688902584438E+000
 0414  0.3148688902584438E+000
 0415  0.3148688902584438E+000
 0416  0.3148688902584438E+000
 0417  0.3148688902584438E+000
 0418  0.3148688902584438E+000
 0419  0.3148688902584438E+000
 0420  0.3148688902584438E+000
 0421  0.3148688902584438E+000
 0422  0.3148688902584438E+000
 0423  0.3148688902584438E+000
 0424  0.3148688902584438E+000
 0425  0.3148688902584438E+000
 0426  0.3148688902584438E+000
 0427  0.3148688902584438E+000
 0428  0.3148688902584438E+000
 0429  0.3148688902584438E+000
 0430  0.3148688902584438E+000
 0431  0.3148688902584438E+000
 0432  0.3148688902584438E+000
 0433  0.3148688902584438E+000
 0434  0.3148688902584438E+000
 0435  0.3148688902584438E+000
 0436  0.3148688902584438E+000
 0437  0.3148688902584438E+000
 0438  0.3148688902584438E+000
 0439  0.3148688902584438E+000
 0440  0.3148688902584438E+000
 0441  0.3148688902584438E+000
 0442  0.3148688902584438E+000
 0443  0.3148688902584438E+000
 0444  0.3148688902584438E+000
 0445  0.3148688902584438E+000
 0446  0.3148688902584438E+000
 0447  0.3148688902584438E+000
 0448  0.3148688902584438E+000
 0449  0.3148688902584438E+000
 0450  0.3148688902584438E+000
 0451  0.3148688902584438E+000
 0452  0.3148688902584438E+000
 0453  0.3148688902584438E+000
 0454  0.3148688902584438E+000
 0455  0.3148688902584438E+000
 0456  0.3148688902584438E+000
 0457  0.3148688902584438E+000
 0458  0.3148688902584438E+000
 0459  0.3148688902584438E+000
 0460  0.3148688902584438E+000
 0461  0.3148688902584438E+000
 0462  0.3148688902584438E+000
 0463  0.3148688902584438E+000
 0464  0.3148688902584438E+000
 0465  0.3148688902584438E+000
 0466  0.3148688902584438E+000
 0467  0.3148688902584438E+000
 0468  0.3148688902584438E+000
 0469  0.3148688902584438E+000
 0470  0.3148688902584438E+000
 0471  0.3148688902584438E+000
 0472  0.3148688902584438E+000
 0473  0.3148688902584438E+000
 0474  0.3148688902584438E+000
 0475  0.3148688902584438E+000
 0476  0.3148688902584438E+000
 0477  0.3148688902584438E+000
 0478  0.3148688902584438E+000
 0479  0.3148688902584438E+000
 0480  0.3148688902584438E+000
 0481  0.3148688902584438E+000
 0482  0.3148688902584438E+000
 0483  0.3148688902584438E+000
 0484  0.3148688902584438E+000
 0485  0.3148688902584438E+000
 0486  0.3148688902584438E+000
 0487  0.3148688902584438E+000
 0488  0.3148688902584438E+000
 0489  0.3148688902584438E+000
 0490  0.3148688902584438E+000
 0491  0.3148688902584438E+000
 0492  0.3148688902584438E+000
 0493  0.3148688902584438E+000
 0494  0.3148688902584438E+000
 0495  0.3148688902584438E+000
 0496  0.3148688902584438E+000
 0497  0.3148688902584438E+000
 0498  0.3148688902584438E+000
 0499  0.3148688902584438E+000
 0500  0.3148688902584438E+000
 0501  0.3148688902584438E+000
 0502  0.3148688902584438E+000
 0503  0.3148688902584438E+000
 0504  0.3148688902584438E+000
 0505  0.3148688902584438E+000
 0506  0.3148688902584438E+000
 0507  0.3148688902584438E+000
 0508  0.3148688902584438E+000
 0509  0.3148688902584438E+000
 0510  0.3148688902584438E+000
 0511  0.3148688902584438E+000
 0512  0.3148688902584438E+000
 0513  0.3148688902584438E+000
 0514  0.3148688902584438E+000
 0515  0.3148688902584438E+000
 0516  0.3148688902584438E+000
 0517  0.3148688902584438E+000
 0518  0.3148688902584438E+000
 0519  0.3148688902584438E+000
 0520  0.3148688902584438E+000
 0521  0.3148688902584438E+000
 0522  0.3148688902584438E+000
 0523  0.3148688902584438E+000
 0524  0.3148688902584438E+000
 0525  0.3148688902584438E+000
 0526  0.3148688902584438E+000
 0527  0.3148688902584438E+000
 0528  0.3148688902584438E+000
 0529  0.3148688902584438E+000
 0530  0.3148688902584438E+000
 0531  0.3148688902584438E+000
 0532  0.3148688902584438E+000
 0533  0.3148688902584438E+000
 0534  0.3148688902584438E+000
 0535  0.3148688902584438E+000
 0536  0.3148688902584438E+000
 0537  0.3148688902584438E+000
 0538  0.3148688902584438E+000
 0539  0.3148688902584438E+000
 0540  0.3148688902584438E+000
 0541  0.3148688902584438E+000
 0542  0.3148688902584438E+000
 0543  0.3148688902584438E+000
 0544  0.3148688902584438E+000
 0545  0.3148688902584438E+000
 0546  0.3148688902584438E+000
 0547  0.3148688902584438E+000
 0548  0.3148688902584438E+000
 0549  0.3148688902584438E+000
 0550  0.3148688902584438E+000
 0551  0.3148688902584438E+000
 0552  0.3148688902584438E+000
 0553  0.3148688902584438E+000
 0554  0.3148688902584438E+000
 0555  0.3148688902584438E+000
 0556  0.3148688902584438E+000
 0557  0.3148688902584438E+000
 0558  0.3148688902584438E+000
 0559  0.3148688902584438E+000
 0560  0.3148688902584438E+000
 0561  0.3148688902584438E+000
 0562  0.3148688902584438E+000
 0563  0.3148688902584438E+000
 0564  0.3148688902584438E+000
 0565  0.3148688902584438E+000
 0566  0.3148688902584438E+000
 0567  0.3148688902584438E+000
 0568  0.3148688902584438E+000
 0569  0.3148688902584438E+000
 0570  0.3148688902584438E+000
 0571  0.3148688902584438E+000
 0572  0.3148688902584438E+000
 0573  0.3148688902584438E+000
 0574  0.3148688902584438E+000
 0575  0.3148688902584438E+000
 0576  0.3148688902584438E+000
 0577  0.3148688902584438E+000
 0578  0.3148688902584438E+000
 0579  0.3148688902584438E+000
 0580  0.3148688902584438E+000
 0581  0.3148688902584438E+000
 0582  0.3148688902584438E+000
 0583  0.3148688902584438E+000
 0584  0.3148688902584438E+000
 0585  0.3148688902584438E+000
 0586  0.3148688902584438E+000
 0587  0.3148688902584438E+000
 0588  0.3148688902584438E+000
 0589  0.3148688902584438E+000
 0590  0.3148688902584438E+000
 0591  0.3148688902584438E+000
 0592  0.3148688902584438E+000
 0593  0.3148688902584438E+000
 0594  0.3148688902584438E+000
 0595  0.3148688902584438E+000
 0596  0.3148688902584438E+000
 0597  0.3148688902584438E+000
 0598  0.3148688902584438E+000
 0599  0.3148688902584438E+000
 0600  0.3148688902584438E+000
 0601  0.3148688902584438E+000
 0602  0.3148688902584438E+000
 0603  0.3148688902584438E+000
 0604  0.3148688902584438E+000
 0605  0.3148688902584438E+000
 0606  0.3148688902584438E+000
 0607  0.3148688902584438E+000
 0608  0.3148688902584438E+000
 0609  0.3148688902584438E+000
 0610  0.3148688902584438E+000
 0611  0.3148688902584438E+000
 0612  0.3148688902584438E+000
 0613  0.3148688902584438E+000
 0614  0.3148688902584438E+000
 0615  0.3148688902584438E+000
 0616  0.3148688902584438E+000
 0617  0.3148688902584438E+000
 0618  0.3148688902584438E+000
 0619  0.3148688902584438E+000
 0620  0.3148688902584438E+000
 0621  0.3148688902584438E+000
 0622  0.3148688902584438E+000
 0623  0.3148688902584438E+000
 0624  0.3148688902584438E+000
 0625  0.3148688902584438E+000
 0626  0.3148688902584438E+000
 0627  0.3148688902584438E+000
 0628  0.3148688902584438E+000
 0629  0.3148688902584438E+000
 0630  0.3148688902584438E+000
 0631  0.3148688902584438E+000
 0632  0.3148688902584438E+000
 0633  0.3148688902584438E+000
 0634  0.3148688902584438E+000
 0635  0.3148688902584438E+000
 0636  0.3148688902584438E+000
 0637  0.3148688902584438E+000
 0638  0.3148688902584438E+000
 0639  0.3148688902584438E+000
 0640  0.3148688902584438E+000
 0641  0.3148688902584438E+000
 0642  0.3148688902584438E+000
 0643  0.3148688902584438E+000
 0644  0.3148688902584438E+000
 0645  0.3148688902584438E+000
 0646  0.3148688902584438E+000
 0647  0.3148688902584438E+000
 0648  0.3148688902584438E+000
 0649  0.3148688902584438E+000
 0650  0.3148688902584438E+000
 0651  0.3148688902584438E+000
 0652  0.3148688902584438E+000
 0653  0.3148688902584438E+000
 0654  0.3148688902584438E+000
 0655  0.3148688902584438E+000
 0656  0.3148688902584438E+000
 0657  0.3148688902584438E+000
 0658  0.3148688902584438E+000
 0659  0.3148688902584438E+000
 0660  0.3148688902584438E+000
 0661  0.3148688902584438E+000
 0662  0.3148688902584438E+000
 0663  0.3148688902584438E+000
 0664  0.3148688902584438E+000
 0665  0.3148688902584438E+000
 0666  0.3148688902584438E+000
 0667  0.3148688902584438E+000
 0668  0.3148688902584438E+000
 0669  0.3148688902584438E+000
 0670  0.3148688902584438E+000
 0671  0.3148688902584438E+000
 0672  0.3148688902584438E+000
 0673  0.3148688902584438E+000
 0674  0.3148688902584438E+000
 0675  0.3148688902584438E+000
 0676  0.3148688902584438E+000
 0677  0.3148688902584438E+000
 0678  0.3148688902584438E+000
 0679  0.3148688902584438E+000
 0680  0.3148688902584438E+000
 0681  0.3148688902584438E+000
 0682  0.3148688902584438E+000
 0683  0.3148688902584438E+000
 0684  0.3148688902584438E+000
 0685  0.3148688902584438E+000
 0686  0.3148688902584438E+000
 0687  0.3148688902584438E+000
 0688  0.3148688902584438E+000
 0689  0.3148688902584438E+000
 0690  0.3148688902584438E+000
 0691  0.3148688902584438E+000
 0692  0.3148688902584438E+000
 0693  0.3148688902584438E+000
 0694  0.3148688902584438E+000
 0695  0.3148688902584438E+000
 0696  0.3148688902584438E+000
 0697  0.3148688902584438E+000
 0698  0.3148688902584438E+000
 0699  0.3148688902584438E+000
 0700  0.3148688902584438E+000
 0701  0.3148688902584438E+000
 0702  0.3148688902584438E+000
 0703  0.3148688902584438E+000
 0704  0.3148688902584438E+000
 0705  0.3148688902584438E+000
 0706  0.3148688902584438E+000
 0707  0.3148688902584438E+000
 0708  0.3148688902584438E+000
 0709  0.3148688902584438E+000
 0710  0.3148688902584438E+000
 0711  0.3148688902584438E+000
 0712  0.3148688902584438E+000
 0713  0.3148688902584438E+000
 0714  0.3148688902584438E+000
 0715  0.3148688902584438E+000
 0716  0.3148688902584438E+000
 0717  0.3148688902584438E+000
 0718  0.3148688902584438E+000
 0719  0.3148688902584438E+000
 0720  0.3148688902584438E+000
 0721  0.3148688902584438E+000
 0722  0.3148688902584438E+000
 0723  0.3148688902584438E+000
 0724  0.3148688902584438E+000
 0725  0.3148688902584438E+000
 0726  0.3148688902584438E+000
 0727  0.3148688902584438E+000
 0728  0.3148688902584438E+000
 0729  0.3148688902584438E+000
 0730  0.3148688902584438E+000
 0731  0.3148688902584438E+000
 0732  0.3148688902584438E+000
 0733  0.3148688902584438E+000
 0734  0.3148688902584438E+000
 0735  0.3148688902584438E+000
 0736  0.3148688902584438E+000
 0737  0.3148688902584438E+000
 0738  0.3148688902584438E+000
 0739  0.3148688902584438E+000
 0740  0.3148688902584438E+000
 0741  0.3148688902584438E+000
 0742  0.3148688902584438E+000
 0743  0.3148688902584438E+000
 0744  0.3148688902584438E+000
 0745  0.3148688902584438E+000
 0746  0.3148688902584438E+000
 0747  0.3148688902584438E+000
 0748  0.3148688902584438E+000
 0749  0.3148688902584438E+000
 0750  0.3148688902584438E+000
 0751  0.3148688902584438E+000
 0752  0.3148688902584438E+000
 0753  0.3148688902584438E+000
 0754  0.3148688902584438E+000
 0755  0.3148688902584438E+000
 0756  0.3148688902584438E+000
 0757  0.3148688902584438E+000
 0758  0.3148688902584438E+000
 0759  0.3148688902584438E+000
 0760  0.3148688902584438E+000
 0761  0.3148688902584438E+000
 0762  0.3148688902584438E+000
 0763  0.3148688902584438E+000
 0764  0.3148688902584438E+000
 0765  0.3148688902584438E+000
 0766  0.3148688902584438E+000
 0767  0.3148688902584438E+000
 0768  0.3148688902584438E+000
 0769  0.3148688902584438E+000
 0770  0.3148688902584438E+000
 0771  0.3148688902584438E+000
 0772  0.3148688902584438E+000
 0773  0.3148688902584438E+000
 0774  0.3148688902584438E+000
 0775  0.3148688902584438E+000
 0776  0.3148688902584438E+000
 0777  0.3148688902584438E+000
 0778  0.3148688902584438E+000
 0779  0.3148688902584438E+000
 0780  0.3148688902584438E+000
 0781  0.3148688902584438E+000
 0782  0.3148688902584438E+000
 0783  0.3148688902584438E+000
 0784  0.3148688902584438E+000
 0785  0.3148688902584438E+000
 0786  0.3148688902584438E+000
 0787  0.3148688902584438E+000
 0788  0.3148688902584438E+000
 0789  0.3148688902584438E+000
 0790  0.3148688902584438E+000
 0791  0.3148688902584438E+000
 0792  0.3148688902584438E+000
 0793  0.3148688902584438E+000
 0794  0.3148688902584438E+000
 0795  0.3148688902584438E+000
 0796  0.3148688902584438E+000
 0797  0.3148688902584438E+000
 0798  0.3148688902584438E+000
 0799  0.3148688902584438E+000
 0800  0.3148688902584438E+000
 0801  0.3148688902584438E+000
 0802  0.3148688902584438E+000
 0803  0.3148688902584438E+000
 0804  0.3148688902584438E+000
 0805  0.3148688902584438E+000
 0806  0.3148688902584438E+000
 0807  0.3148688902584438E+000
 0808  0.3148688902584438E+000
 0809  0.3148688902584438E+000
 0810  0.3148688902584438E+000
 0811  0.3148688902584438E+000
 0812  0.3148688902584438E+000
 0813  0.3148688902584438E+000
 0814  0.3148688902584438E+000
 0815  0.3148688902584438E+000
 0816  0.3148688902584438E+000
 0817  0.3148688902584438E+000
 0818  0.3148688902584438E+000
 0819  0.3148688902584438E+000
 0820  0.3148688902584438E+000
 0821  0.3148688902584438E+000
 0822  0.3148688902584438E+000
 0823  0.3148688902584438E+000
 0824  0.3148688902584438E+000
 0825  0.3148688902584438E+000
 0826  0.3148688902584438E+000
 0827  0.3148688902584438E+000
 0828  0.3148688902584438E+000
 0829  0.3148688902584438E+000
 0830  0.3148688902584438E+000
 0831  0.3148688902584438E+000
 0832  0.3148688902584438E+000
 0833  0.3148688902584438E+000
 0834  0.3148688902584438E+000
 0835  0.3148688902584438E+000
 0836  0.3148688902584438E+000
 0837  0.3148688902584438E+000
 0838  0.3148688902584438E+000
 0839  0.3148688902584438E+000
 0840  0.3148688902584438E+000
 0841  0.3148688902584438E+000
 0842  0.3148688902584438E+000
 0843  0.3148688902584438E+000
 0844  0.3148688902584438E+000
 0845  0.3148688902584438E+000
 0846  0.3148688902584438E+000
 0847  0.3148688902584438E+000
 0848  0.3148688902584438E+000
 0849  0.3148688902584438E+000
 0850  0.3148688902584438E+000
 0851  0.3148688902584438E+000
 0852  0.3148688902584438E+000
 0853  0.3148688902584438E+000
 0854  0.3148688902584438E+000
 0855  0.3148688902584438E+000
 0856  0.3148688902584438E+000
 0857  0.3148688902584438E+000
 0858  0.3148688902584438E+000
 0859  0.3148688902584438E+000
 0860  0.3148688902584438E+000
 0861  0.3148688902584438E+000
 0862  0.3148688902584438E+000
 0863  0.3148688902584438E+000
 0864  0.3148688902584438E+000
 0865  0.3148688902584438E+000
 0866  0.3148688902584438E+000
 0867  0.3148688902584438E+000
 0868  0.3148688902584438E+000
 0869  0.3148688902584438E+000
 0870  0.3148688902584438E+000
 0871  0.3148688902584438E+000
 0872  0.3148688902584438E+000
 0873  0.3148688902584438E+000
 0874  0.3148688902584438E+000
 0875  0.3148688902584438E+000
 0876  0.3148688902584438E+000
 0877  0.3148688902584438E+000
 0878  0.3148688902584438E+000
 0879  0.3148688902584438E+000
 0880  0.3148688902584438E+000
 0881  0.3148688902584438E+000
 0882  0.3148688902584438E+000
 0883  0.3148688902584438E+000
 0884  0.3148688902584438E+000
 0885  0.3148688902584438E+000
 0886  0.3148688902584438E+000
 0887  0.3148688902584438E+000
 0888  0.3148688902584438E+000
 0889  0.3148688902584438E+000
 0890  0.3148688902584438E+000
 0891  0.3148688902584438E+000
 0892  0.3148688902584438E+000
 0893  0.3148688902584438E+000
 0894  0.3148688902584438E+000
 0895  0.3148688902584438E+000
 0896  0.3148688902584438E+000
 0897  0.3148688902584438E+000
 0898  0.3148688902584438E+000
 0899  0.3148688902584438E+000
 0900  0.3148688902584438E+000
 0901  0.3148688902584438E+000
 0902  0.3148688902584438E+000
 0903  0.3148688902584438E+000
 0904  0.3148688902584438E+000
 0905  0.3148688902584438E+000
 0906  0.3148688902584438E+000
 0907  0.3148688902584438E+000
 0908  0.3148688902584438E+000
 0909  0.3148688902584438E+000
 0910  0.3148688902584438E+000
 0911  0.3148688902584438E+000
 0912  0.3148688902584438E+000
 0913  0.3148688902584438E+000
 0914  0.3148688902584438E+000
 0915  0.3148688902584438E+000
 0916  0.3148688902584438E+000
 0917  0.3148688902584438E+000
 0918  0.3148688902584438E+000
 0919  0.3148688902584438E+000
 0920  0.3148688902584438E+000
 0921  0.3148688902584438E+000
 0922  0.3148688902584438E+000
 0923  0.3148688902584438E+000
 0924  0.3148688902584438E+000
 0925  0.3148688902584438E+000
 0926  0.3148688902584438E+000
 0927  0.3148688902584438E+000
 0928  0.3148688902584438E+000
 0929  0.3148688902584438E+000
 0930  0.3148688902584438E+000
 0931  0.3148688902584438E+000
 0932  0.3148688902584438E+000
 0933  0.3148688902584438E+000
 0934  0.3148688902584438E+000
 0935  0.3148688902584438E+000
 0936  0.3148688902584438E+000
 0937  0.3148688902584438E+000
 0938  0.3148688902584438E+000
 0939  0.3148688902584438E+000
 0940  0.3148688902584438E+000
 0941  0.3148688902584438E+000
 0942  0.3148688902584438E+000
 0943  0.3148688902584438E+000
 0944  0.3148688902584438E+000
 0945  0.3148688902584438E+000
 0946  0.3148688902584438E+000
 0947  0.3148688902584438E+000
 0948  0.3148688902584438E+000
 0949  0.3148688902584438E+000
 0950  0.3148688902584438E+000
 0951  0.3148688902584438E+000
 0952  0.3148688902584438E+000
 0953  0.3148688902584438E+000
 0954  0.3148688902584438E+000
 0955  0.3148688902584438E+000
 0956  0.3148688902584438E+000
 0957  0.3148688902584438E+000
 0958  0.3148688902584438E+000
 0959  0.3148688902584438E+000
 0960  0.3148688902584438E+000
 0961  0.3148688902584438E+000
 0962  0.3148688902584438E+000
 0963  0.3148688902584438E+000
 0964  0.3148688902584438E+000
 0965  0.3148688902584438E+000
 0966  0.3148688902584438E+000
 0967  0.3148688902584438E+000
 0968  0.3148688902584438E+000
 0969  0.3148688902584438E+000
 0970  0.3148688902584438E+000
 0971  0.3148688902584438E+000
 0972  0.3148688902584438E+000
 0973  0.3148688902584438E+000
 0974  0.3148688902584438E+000
 0975  0.3148688902584438E+000
 0976  0.3148688902584438E+000
 0977  0.3148688902584438E+000
 0978  0.3148688902584438E+000
 0979  0.3148688902584438E+000
 0980  0.3148688902584438E+000
 0981  0.3148688902584438E+000
 0982  0.3148688902584438E+000
 0983  0.3148688902584438E+000
 0984  0.3148688902584438E+000
 0985  0.3148688902584438E+000
 0986  0.3148688902584438E+000
 0987  0.3148688902584438E+000
 0988  0.3148688902584438E+000
 0989  0.3148688902584438E+000
 0990  0.3148688902584438E+000
 0991  0.3148688902584438E+000
 0992  0.3148688902584438E+000
 0993  0.3148688902584438E+000
 0994  0.3148688902584438E+000
 0995  0.3148688902584438E+000
 0996  0.3148688902584438E+000
 0997  0.3148688902584438E+000
 0998  0.3148688902584438E+000
 0999  0.3148688902584438E+000
 1000  0.3148688902584438E+000
 1001  0.3148688902584438E+000
 1002  0.3148688902584438E+000
 1003  0.3148688902584438E+000
 1004  0.3148688902584438E+000
 1005  0.3148688902584438E+000
 1006  0.3148688902584438E+000
 1007  0.3148688902584438E+000
 1008  0.3148688902584438E+000
 1009  0.3148688902584438E+000
 1010  0.3148688902584438E+000
 1011  0.3148688902584438E+000
 1012  0.3148688902584438E+000
 1013  0.3148688902584438E+000
 1014  0.3148688902584438E+000
 1015  0.3148688902584438E+000
 1016  0.3148688902584438E+000
 1017  0.3148688902584438E+000
 1018  0.3148688902584438E+000
 1019  0.3148688902584438E+000
 1020  0.3148688902584438E+000
 1021  0.3148688902584438E+000
 1022  0.3148688902584438E+000
 1023  0.3148688902584438E+000
 1024  0.3148688902584438E+000
 1025  0.3148688902584438E+000
 1026  0.3148688902584438E+000
 1027  0.3148688902584438E+000
 1028  0.3148688902584438E+000
 1029  0.3148688902584438E+000
 1030  0.3148688902584438E+000
 1031  0.3148688902584438E+000
 1032  0.3148688902584438E+000
 1033  0.3148688902584438E+000
 1034  0.3148688902584438E+000
 1035  0.3148688902584438E+000
 1036  0.3148688902584438E+000
 1037  0.3148688902584438E+000
 1038  0.3148688902584438E+000
 1039  0.3148688902584438E+000
 1040  0.3148688902584438E+000
 1041  0.3148688902584438E+000
 1042  0.3148688902584438E+000
 1043  0.3148688902584438E+000
 1044  0.3148688902584438E+000
 1045  0.3148688902584438E+000
 1046  0.3148688902584438E+000
 1047  0.3148688902584438E+000
 1048  0.3148688902584438E+000
 1049  0.3148688902584438E+000
 1050  0.3148688902584438E+000
 1051  0.3148688902584438E+000
 1052  0.3148688902584438E+000
 1053  0.3148688902584438E+000
 1054  0.3148688902584438E+000
 1055  0.3148688902584438E+000
 1056  0.3148688902584438E+000
 1057  0.3148688902584438E+000
 1058  0.3148688902584438E+000
 1059  0.3148688902584438E+000
 1060  0.3148688902584438E+000
 1061  0.3148688902584438E+000
 1062  0.3148688902584438E+000
 1063  0.3148688902584438E+000
 1064  0.3148688902584438E+000
 1065  0.3148688902584438E+000
 1066  0.3148688902584438E+000
 1067  0.3148688902584438E+000
 1068  0.3148688902584438E+000
 1069  0.3148688902584438E+000
 1070  0.3148688902584438E+000
 1071  0.3148688902584438E+000
 1072  0.3148688902584438E+000
 1073  0.3148688902584438E+000
 1074  0.3148688902584438E+000
 1075  0.3148688902584438E+000
 1076  0.3148688902584438E+000
 1077  0.3148688902584438E+000
 1078  0.3148688902584438E+000
 1079  0.3148688902584438E+000
 1080  0.3148688902584438E+000
 1081  0.3148688902584438E+000
 1082  0.3148688902584438E+000
 1083  0.3148688902584438E+000
 1084  0.3148688902584438E+000
 1085  0.3148688902584438E+000
 1086  0.3148688902584438E+000
 1087  0.3148688902584438E+000
 1088  0.3148688902584438E+000
 1089  0.3148688902584438E+000
 1090  0.3148688902584438E+000
 1091  0.3148688902584438E+000
 1092  0.3148688902584438E+000
 1093  0.3148688902584438E+000
 1094  0.3148688902584438E+000
 1095  0.3148688902584438E+000
 1096  0.3148688902584438E+000
 1097  0.3148688902584438E+000
 1098  0.3148688902584438E+000
 1099  0.3148688902584438E+000
 1100  0.3148688902584438E+000
 1101  0.3148688902584438E+000
 1102  0.3148688902584438E+000
 1103  0.3148688902584438E+000
 1104  0.3148688902584438E+000
 1105  0.3148688902584438E+000
 1106  0.3148688902584438E+000
 1107  0.3148688902584438E+000
 1108  0.3148688902584438E+000
 1109  0.3148688902584438E+000
 1110  0.3148688902584438E+000
 1111  0.3148688902584438E+000
 1112  0.3148688902584438E+000
 1113  0.3148688902584438E+000
 1114  0.3148688902584438E+000
 1115  0.3148688902584438E+000
 1116  0.3148688902584438E+000
 1117  0.3148688902584438E+000
 1118  0.3148688902584438E+000
 1119  0.3148688902584438E+000
 1120  0.3148688902584438E+000
 1121  0.3148688902584438E+000
 1122  0.3148688902584438E+000
 1123  0.3148688902584438E+000
 1124  0.3148688902584438E+000
 1125  0.3148688902584438E+000
 1126  0.3148688902584438E+000
 1127  0.3148688902584438E+000
 1128  0.3148688902584438E+000
 1129  0.3148688902584438E+000
 1130  0.3148688902584438E+000
 1131  0.3148688902584438E+000
 1132  0.3148688902584438E+000
 1133  0.3148688902584438E+000
 1134  0.3148688902584438E+000
 1135  0.3148688902584438E+000
 1136  0.3148688902584438E+000
 1137  0.3148688902584438E+000
 1138  0.3148688902584438E+000
 1139  0.3148688902584438E+000
 1140  0.3148688902584438E+000
 1141  0.3148688902584438E+000
 1142  0.3148688902584438E+000
 1143  0.3148688902584438E+000
 1144  0.3148688902584438E+000
 1145  0.3148688902584438E+000
 1146  0.3148688902584438E+000
 1147  0.3148688902584438E+000
 1148  0.3148688902584438E+000
 1149  0.3148688902584438E+000
 1150  0.3148688902584438E+000
 1151  0.3148688902584438E+000
 1152  0.3148688902584438E+000
 1153  0.3148688902584438E+000
 1154  0.3148688902584438E+000
 1155  0.3148688902584438E+000
 1156  0.3148688902584438E+000
 1157  0.3148688902584438E+000
 1158  0.3148688902584438E+000
 1159  0.3148688902584438E+000
 1160  0.3148688902584438E+000
 1161  0.3148688902584438E+000
 1162  0.3148688902584438E+000
 1163  0.3148688902584438E+000
 1164  0.3148688902584438E+000
 1165  0.3148688902584438E+000
 1166  0.3148688902584438E+000
 1167  0.3148688902584438E+000
 1168  0.3148688902584438E+000
 1169  0.3148688902584438E+000
 1170  0.3148688902584438E+000
 1171  0.3148688902584438E+000
 1172  0.3148688902584438E+000
 1173  0.3148688902584438E+000
 1174  0.3148688902584438E+000
 1175  0.3148688902584438E+000
 1176  0.3148688902584438E+000
 1177  0.3148688902584438E+000
 1178  0.3148688902584438E+000
 1179  0.3148688902584438E+000
 1180  0.3148688902584438E+000
 1181  0.3148688902584438E+000
 1182  0.3148688902584438E+000
 1183  0.3148688902584438E+000
 1184  0.3148688902584438E+000
 1185  0.3148688902584438E+000
 1186  0.3148688902584438E+000
 1187  0.3148688902584438E+000
 1188  0.3148688902584438E+000
 1189  0.3148688902584438E+000
 1190  0.3148688902584438E+000
 1191  0.3148688902584438E+000
 1192  0.3148688902584438E+000
 1193  0.3148688902584438E+000
 1194  0.3148688902584438E+000
 1195  0.3148688902584438E+000
 1196  0.3148688902584438E+000
 1197  0.3148688902584438E+000
 1198  0.3148688902584438E+000
 1199  0.3148688902584438E+000
 1200  0.3148688902584438E+000
 1201  0.3148688902584438E+000
 1202  0.3148688902584438E+000
 1203  0.3148688902584438E+000
 1204  0.3148688902584438E+000
 1205  0.3148688902584438E+000
 1206  0.3148688902584438E+000
 1207  0.3148688902584438E+000
 1208  0.3148688902584438E+000
 1209  0.3148688902584438E+000
 1210  0.3148688902584438E+000
 1211  0.3148688902584438E+000
 1212  0.3148688902584438E+000
 1213  0.3148688902584438E+000
 1214  0.3148688902584438E+000
 1215  0.3148688902584438E+000
 1216  0.3148688902584438E+000
 1217  0.3148688902584438E+000
 1218  0.3148688902584438E+000
 1219  0.3148688902584438E+000
 1220  0.3148688902584438E+000
 1221  0.3148688902584438E+000
 1222  0.3148688902584438E+000
 1223  0.3148688902584438E+000
 1224  0.3148688902584438E+000
 1225  0.3148688902584438E+000
 1226  0.3148688902584438E+000
 1227  0.3148688902584438E+000
 1228  0.3148688902584438E+000
 1229  0.3148688902584438E+000
 1230  0.3148688902584438E+000
 1231  0.3148688902584438E+000
 1232  0.3148688902584438E+000
 1233  0.3148688902584438E+000
 1234  0.3148688902584438E+000
 1235  0.3148688902584438E+000
 1236  0.3148688902584438E+000
 1237  0.3148688902584438E+000
 1238  0.3148688902584438E+000
 1239  0.3148688902584438E+000
 1240  0.3148688902584438E+000
 1241  0.3148688902584438E+000
 1242  0.3148688902584438E+000
 1243  0.3148688902584438E+000
 1244  0.3148688902584438E+000
 1245  0.3148688902584438E+000
 1246  0.3148688902584438E+000
 1247  0.3148688902584438E+000
 1248  0.3148688902584438E+000
 1249  0.3148688902584438E+000
 1250  0.3148688902584438E+000
 1251  0.3148688902584438E+000
 1252  0.3148688902584438E+000
 1253  0.3148688902584438E+000
 1254  0.3148688902584438E+000
 1255  0.3148688902584438E+000
 1256  0.3148688902584438E+000
 1257  0.3148688902584438E+000
 1258  0.3148688902584438E+000
 1259  0.3148688902584438E+000
 1260  0.3148688902584438E+000
 1261  0.3148688902584438E+000
 1262  0.3148688902584438E+000
 1263  0.3148688902584438E+000
 1264  0.3148688902584438E+000
 1265  0.3148688902584438E+000
