 0001  0.8338873870788106E+000
 0002  0.8338873870788107E+000
 0003  0.8338873870788106E+000
 0004  0.8338873870788108E+000
 0005  0.8338873870788106E+000
 0006  0.8345565157379221E+000
 0007  0.8345565157379221E+000
 0008  0.8345565157379221E+000
 0009  0.8345565157379222E+000
 0010  0.8345565157379221E+000
 0011  0.8345565157379221E+000
 0012  0.8345565157379221E+000
 0013  0.8352242957137761E+000
 0014  0.8352242957137762E+000
 0015  0.8352242957137762E+000
 0016  0.8352242957137761E+000
 0017  0.8352242957137762E+000
 0018  0.8359136432981845E+000
 0019  0.8359136432981845E+000
 0020  0.8359136432981846E+000
 0021  0.8359136432981846E+000
 0022  0.8359136432981847E+000
 0023  0.8359136432981847E+000
 0024  0.8366269658583674E+000
 0025  0.8366269658583674E+000
 0026  0.8366269658583675E+000
 0027  0.8366269658583674E+000
 0028  0.8373542052950915E+000
 0029  0.8373542052950914E+000
 0030  0.8373542052950913E+000
 0031  0.8373542052950913E+000
 0032  0.8373542052950915E+000
 0033  0.8380982887568534E+000
 0034  0.8380982887568535E+000
 0035  0.8380982887568534E+000
 0036  0.8380982887568534E+000
 0037  0.8388481507231190E+000
 0038  0.8388481507231192E+000
 0039  0.8388481507231195E+000
 0040  0.8395945232171952E+000
 0041  0.8395945232171954E+000
 0042  0.8395945232171955E+000
 0043  0.8395945232171955E+000
 0044  0.8403404613052755E+000
 0045  0.8403404613052756E+000
 0046  0.8403404613052756E+000
 0047  0.8410751963696368E+000
 0048  0.8410751963696367E+000
 0049  0.8410751963696366E+000
 0050  0.8417895370667157E+000
 0051  0.8417895370667156E+000
 0052  0.8417895370667156E+000
 0053  0.8424585405699304E+000
 0054  0.8424585405699304E+000
 0055  0.8424585405699305E+000
 0056  0.8430799054104090E+000
 0057  0.8430799054104090E+000
 0058  0.8430799054104090E+000
 0059  0.8436426571808241E+000
 0060  0.8436426571808242E+000
 0061  0.8436426571808242E+000
 0062  0.8441458484872933E+000
 0063  0.8441458484872935E+000
 0064  0.8445811582757534E+000
 0065  0.8445811582757534E+000
 0066  0.8448898750499463E+000
 0067  0.8448898750499463E+000
 0068  0.8451237263323578E+000
 0069  0.8451237263323575E+000
 0070  0.8452823976792514E+000
 0071  0.8452823976792514E+000
 0072  0.8453651427737333E+000
 0073  0.8453651427737334E+000
 0074  0.8453648318155939E+000
 0075  0.8453648318155937E+000
 0076  0.8451957236844718E+000
 0077  0.8449483973809073E+000
 0078  0.8449483973809073E+000
 0079  0.8446118418034972E+000
 0080  0.8441936845033010E+000
 0081  0.8441936845033012E+000
 0082  0.8436843880479968E+000
 0083  0.8429820652404053E+000
 0084  0.8429820652404054E+000
 0085  0.8421832217811820E+000
 0086  0.8413072619838723E+000
 0087  0.8403502587582434E+000
 0088  0.8391957997127746E+000
 0089  0.8391957997127745E+000
 0090  0.8379353810821719E+000
 0091  0.8365979257178647E+000
 0092  0.8351844695742536E+000
 0093  0.8336957817526017E+000
 0094  0.8319963094284928E+000
 0095  0.8302260743471652E+000
 0096  0.8283808791471472E+000
 0097  0.8264609782406143E+000
 0098  0.8243280324101697E+000
 0099  0.8199284685522502E+000
 0100  0.8176630415431901E+000
 0101  0.8151902270014438E+000
 0102  0.8126548251988208E+000
 0103  0.8100550351001106E+000
 0104  0.8046290551188824E+000
 0105  0.8018105030996826E+000
 0106  0.7989386720581677E+000
 0107  0.7960123185636417E+000
 0108  0.7928986932808304E+000
 0109  0.7866428024606336E+000
 0110  0.7834998233378574E+000
 0111  0.7801852945700268E+000
 0112  0.7768331204311177E+000
 0113  0.7734448704011549E+000
 0114  0.7664355408848573E+000
 0115  0.7629443700311394E+000
 0116  0.7594241112940942E+000
 0117  0.7557568329582365E+000
 0118  0.7484756166630683E+000
 0119  0.7448601119836172E+000
 0120  0.7411108218854411E+000
 0121  0.7373464567528109E+000
 0122  0.7335666284579846E+000
 0123  0.7258740796086672E+000
 0124  0.7220737677031998E+000
 0125  0.7181611325550153E+000
 0126  0.7142438260999385E+000
 0127  0.7064194666795016E+000
 0128  0.7025156721100453E+000
 0129  0.6986110156428744E+000
 0130  0.6947062579844925E+000
 0131  0.6868337489119613E+000
 0132  0.6829607409465346E+000
 0133  0.6790037962613659E+000
 0134  0.6750536984899028E+000
 0135  0.6672075882352536E+000
 0136  0.6633127722520988E+000
 0137  0.6594270333763131E+000
 0138  0.6554726811130837E+000
 0139  0.6476400818299552E+000
 0140  0.6437624423629946E+000
 0141  0.6398986444203397E+000
 0142  0.6359784220028781E+000
 0143  0.6282960584860738E+000
 0144  0.6244652978631985E+000
 0145  0.6206520948795321E+000
 0146  0.6131177886689386E+000
 0147  0.6093968059973134E+000
 0148  0.6056341768383755E+000
 0149  0.6018919440178817E+000
 0150  0.5945095644410784E+000
 0151  0.5908691638448362E+000
 0152  0.5871949918064332E+000
 0153  0.5835428175130520E+000
 0154  0.5763463314338699E+000
 0155  0.5728014748848820E+000
 0156  0.5692290160867550E+000
 0157  0.5622415988717825E+000
 0158  0.5587784022165935E+000
 0159  0.5553371056958263E+000
 0160  0.5485177233769896E+000
 0161  0.5451414235068776E+000
 0162  0.5417874611101020E+000
 0163  0.5351477236721274E+000
 0164  0.5319015747712952E+000
 0165  0.5286380956622782E+000
 0166  0.5253968464975053E+000
 0167  0.5189846722943593E+000
 0168  0.5158147592826563E+000
 0169  0.5126670573564691E+000
 0170  0.5064437224489902E+000
 0171  0.5033687757483482E+000
 0172  0.5003157315516967E+000
 0173  0.4942825418260221E+000
 0174  0.4913029925279705E+000
 0175  0.4883449910979745E+000
 0176  0.4825023980948217E+000
 0177  0.4796181327912884E+000
 0178  0.4739497296522608E+000
 0179  0.4711390403640762E+000
 0180  0.4683491537682291E+000
 0181  0.4628429598956136E+000
 0182  0.4601268745878243E+000
 0183  0.4574309999251568E+000
 0184  0.4520898529852265E+000
 0185  0.4494673529534818E+000
 0186  0.4468431713132332E+000
 0187  0.4416897261489018E+000
 0188  0.4391397086980207E+000
 0189  0.4341321462199912E+000
 0190  0.4316736290956241E+000
 0191  0.4292152831486772E+000
 0192  0.4243703277504063E+000
 0193  0.4219836008650410E+000
 0194  0.4172804196716829E+000
 0195  0.4149638395715570E+000
 0196  0.4126495917829834E+000
 0197  0.4081061164381490E+000
 0198  0.4058615577222394E+000
 0199  0.4014409520170023E+000
 0200  0.3992646598808834E+000
 0201  0.3970921006505266E+000
 0202  0.3928272758783947E+000
 0203  0.3907218557415187E+000
 0204  0.3865651389229009E+000
 0205  0.3845254003811878E+000
 0206  0.3804986429826832E+000
 0207  0.3785118372325003E+000
 0208  0.3746011144345740E+000
 0209  0.3726768649690503E+000
 0210  0.3707578211667977E+000
 0211  0.3669719454798919E+000
 0212  0.3651051753785409E+000
 0213  0.3614319121046777E+000
 0214  0.3596250436772629E+000
 0215  0.3560613080993484E+000
 0216  0.3543044299023334E+000
 0217  0.3508400265903230E+000
 0218  0.3491324497205967E+000
 0219  0.3457658403814450E+000
 0220  0.3441067658849046E+000
 0221  0.3408365978810984E+000
 0222  0.3392255004161683E+000
 0223  0.3360507035968429E+000
 0224  0.3344869528809121E+000
 0225  0.3314060807413023E+000
 0226  0.3298888704240350E+000
 0227  0.3268905279842701E+000
 0228  0.3254144495306273E+000
 0229  0.3225076435106008E+000
 0230  0.3196721386904573E+000
 0231  0.3182743355826240E+000
 0232  0.3155220863984978E+000
 0233  0.3141637870641736E+000
 0234  0.3114897686687286E+000
 0235  0.3101704898825038E+000
 0236  0.3075704844739601E+000
 0237  0.3050358464744936E+000
 0238  0.3037857653455151E+000
 0239  0.3013225677837875E+000
 0240  0.3001093212448347E+000
 0241  0.2977164236509742E+000
 0242  0.2953817807808893E+000
 0243  0.2942308772992162E+000
 0244  0.2919614956628467E+000
 0245  0.2908429848626783E+000
 0246  0.2886359427992875E+000
 0247  0.2864832716304058E+000
 0248  0.2854215724346158E+000
 0249  0.2833271851423986E+000
 0250  0.2812813862455866E+000
 0251  0.2802726902965919E+000
 0252  0.2782833540267093E+000
 0253  0.2763405476306676E+000
 0254  0.2753815463371502E+000
 0255  0.2734906302525930E+000
 0256  0.2716420362556543E+000
 0257  0.2698359851240336E+000
 0258  0.2689453486800341E+000
 0259  0.2671866798813432E+000
 0260  0.2654679170887442E+000
 0261  0.2646196768354294E+000
 0262  0.2629453289433254E+000
 0263  0.2613078965368887E+000
 0264  0.2597060060956634E+000
 0265  0.2581390088654836E+000
 0266  0.2573654534806106E+000
 0267  0.2558381148395666E+000
 0268  0.2543435771537995E+000
 0269  0.2528803653635620E+000
 0270  0.2514476373301308E+000
 0271  0.2507403917351043E+000
 0272  0.2493433004627814E+000
 0273  0.2479750717642906E+000
 0274  0.2466350871942375E+000
 0275  0.2453225034382941E+000
 0276  0.2440363640361812E+000
 0277  0.2427760979353203E+000
 0278  0.2421534744345696E+000
 0279  0.2409228492887847E+000
 0280  0.2397168885123710E+000
 0281  0.2385346793346781E+000
 0282  0.2373755098256973E+000
 0283  0.2362388838015980E+000
 0284  0.2351241759052646E+000
 0285  0.2340308061942281E+000
 0286  0.2329582050771900E+000
 0287  0.2319058553703539E+000
 0288  0.2308765240592957E+000
 0289  0.2298711928201659E+000
 0290  0.2288890988876093E+000
 0291  0.2279295100904123E+000
 0292  0.2269917233771409E+000
 0293  0.2260750634244579E+000
 0294  0.2251788813228393E+000
 0295  0.2243025533347963E+000
 0296  0.2234454797210493E+000
 0297  0.2226070836304233E+000
 0298  0.2213866583089669E+000
 0299  0.2205969145209710E+000
 0300  0.2198238367585729E+000
 0301  0.2190669454191949E+000
 0302  0.2183257783546936E+000
 0303  0.2175998901069535E+000
 0304  0.2165415827685101E+000
 0305  0.2158556902432774E+000
 0306  0.2151835141102401E+000
 0307  0.2145246803714802E+000
 0308  0.2135631574788183E+000
 0309  0.2129393667806093E+000
 0310  0.2123276016168762E+000
 0311  0.2114340935093390E+000
 0312  0.2108539935691944E+000
 0313  0.2100062753973302E+000
 0314  0.2094556105924980E+000
 0315  0.2089150536589257E+000
 0316  0.2081245792126260E+000
 0317  0.2076107519472820E+000
 0318  0.2068589975729199E+000
 0319  0.2063701035384605E+000
 0320  0.2056544921094900E+000
 0321  0.2051888878323019E+000
 0322  0.2045070595931505E+000
 0323  0.2040632389129896E+000
 0324  0.2034130294429066E+000
 0325  0.2027820230560204E+000
 0326  0.2023709954254504E+000
 0327  0.2017684170295663E+000
 0328  0.2011831449114945E+000
 0329  0.2006144999593885E+000
 0330  0.2002437569096759E+000
 0331  0.1996997553260013E+000
 0332  0.1991708034200686E+000
 0333  0.1986563339882452E+000
 0334  0.1981558073013856E+000
 0335  0.1976687094841521E+000
 0336  0.1971945510065420E+000
 0337  0.1967328652787341E+000
 0338  0.1962832073411531E+000
 0339  0.1958451526423686E+000
 0340  0.1954182958980850E+000
 0341  0.1950022500250639E+000
 0342  0.1944644619819706E+000
 0343  0.1940733377818115E+000
 0344  0.1936918119957743E+000
 0345  0.1931981810443821E+000
 0346  0.1928388410989496E+000
 0347  0.1924880580511101E+000
 0348  0.1920338076591113E+000
 0349  0.1917028529640606E+000
 0350  0.1912740295336585E+000
 0351  0.1908593620843150E+000
 0352  0.1905569746344242E+000
 0353  0.1901648246001951E+000
 0354  0.1897852439372192E+000
 0355  0.1894177006951381E+000
 0356  0.1890616918326936E+000
 0357  0.1887167412955063E+000
 0358  0.1883823982442786E+000
 0359  0.1880582354199335E+000
 0360  0.1876671046207888E+000
 0361  0.1873649740166004E+000
 0362  0.1870717565420582E+000
 0363  0.1867175817322727E+000
 0364  0.1863767965937743E+000
 0365  0.1861131754980014E+000
 0366  0.1857944066384084E+000
 0367  0.1854873286161237E+000
 0368  0.1851913946605542E+000
 0369  0.1848505077213530E+000
 0370  0.1845777180155385E+000
 0371  0.1842632063513456E+000
 0372  0.1840113028423619E+000
 0373  0.1837206283492711E+000
 0374  0.1834421767802793E+000
 0375  0.1831753101412539E+000
 0376  0.1828779856372290E+000
 0377  0.1826345080478087E+000
 0378  0.1823629708658483E+000
 0379  0.1821043136132076E+000
 0380  0.1818577952813594E+000
 0381  0.1815901715461920E+000
 0382  0.1813367924530783E+000
 0383  0.1810967532603237E+000
 0384  0.1808417230823334E+000
 0385  0.1806016234889014E+000
 0386  0.1803512033573096E+000
 0387  0.1801168338318469E+000
 0388  0.1798973240048895E+000
 0389  0.1796718061074950E+000
 0390  0.1794434734979869E+000
 0391  0.1792152994183386E+000
 0392  0.1789899818767074E+000
 0393  0.1787699049712491E+000
 0394  0.1785571157015790E+000
 0395  0.1783420263445692E+000
 0396  0.1781298480890209E+000
 0397  0.1779250382938734E+000
 0398  0.1777163533108012E+000
 0399  0.1775136232515325E+000
 0400  0.1773097910072614E+000
 0401  0.1771126905857007E+000
 0402  0.1769154492096238E+000
 0403  0.1767213799772986E+000
 0404  0.1766861571775815E+000
 0405  0.1766861571775815E+000
 0406  0.1766861571775815E+000
 0407  0.1766861571775815E+000
 0408  0.1766861571775815E+000
 0409  0.1766861571775815E+000
 0410  0.1766861571775815E+000
 0411  0.1766861571775815E+000
 0412  0.1766861571775815E+000
 0413  0.1766861571775815E+000
 0414  0.1766861571775815E+000
 0415  0.1766861571775815E+000
 0416  0.1766861571775815E+000
 0417  0.1766861571775815E+000
 0418  0.1766861571775815E+000
 0419  0.1766861571775815E+000
 0420  0.1766861571775815E+000
 0421  0.1766861571775815E+000
 0422  0.1766861571775815E+000
 0423  0.1766861571775815E+000
 0424  0.1766861571775815E+000
 0425  0.1766861571775815E+000
 0426  0.1766861571775815E+000
 0427  0.1766861571775815E+000
 0428  0.1766861571775815E+000
 0429  0.1766861571775815E+000
 0430  0.1766861571775815E+000
 0431  0.1766861571775815E+000
 0432  0.1766861571775815E+000
 0433  0.1766861571775815E+000
 0434  0.1766861571775815E+000
 0435  0.1766861571775815E+000
 0436  0.1766861571775815E+000
 0437  0.1766861571775815E+000
 0438  0.1766861571775815E+000
 0439  0.1766861571775815E+000
 0440  0.1766861571775815E+000
 0441  0.1766861571775815E+000
 0442  0.1766861571775815E+000
 0443  0.1766861571775815E+000
 0444  0.1766861571775815E+000
 0445  0.1766861571775815E+000
 0446  0.1766861571775815E+000
 0447  0.1766861571775815E+000
 0448  0.1766861571775815E+000
 0449  0.1766861571775815E+000
 0450  0.1766861571775815E+000
 0451  0.1766861571775815E+000
 0452  0.1766861571775815E+000
 0453  0.1766861571775815E+000
 0454  0.1766861571775815E+000
 0455  0.1766861571775815E+000
 0456  0.1766861571775815E+000
 0457  0.1766861571775815E+000
 0458  0.1766861571775815E+000
 0459  0.1766861571775815E+000
 0460  0.1766861571775815E+000
 0461  0.1766861571775815E+000
 0462  0.1766861571775815E+000
 0463  0.1766861571775815E+000
 0464  0.1766861571775815E+000
 0465  0.1766861571775815E+000
 0466  0.1766861571775815E+000
 0467  0.1766861571775815E+000
 0468  0.1766861571775815E+000
 0469  0.1766861571775815E+000
 0470  0.1766861571775815E+000
 0471  0.1766861571775815E+000
 0472  0.1766861571775815E+000
 0473  0.1766861571775815E+000
 0474  0.1766861571775815E+000
 0475  0.1766861571775815E+000
 0476  0.1766861571775815E+000
 0477  0.1766861571775815E+000
 0478  0.1766861571775815E+000
 0479  0.1766861571775815E+000
 0480  0.1766861571775815E+000
 0481  0.1766861571775815E+000
 0482  0.1766861571775815E+000
 0483  0.1766861571775815E+000
 0484  0.1766861571775815E+000
 0485  0.1766861571775815E+000
 0486  0.1766861571775815E+000
 0487  0.1766861571775815E+000
 0488  0.1766861571775815E+000
 0489  0.1766861571775815E+000
 0490  0.1766861571775815E+000
 0491  0.1766861571775815E+000
 0492  0.1766861571775815E+000
 0493  0.1766861571775815E+000
 0494  0.1766861571775815E+000
 0495  0.1766861571775815E+000
 0496  0.1766861571775815E+000
 0497  0.1766861571775815E+000
 0498  0.1766861571775815E+000
 0499  0.1766861571775815E+000
 0500  0.1766861571775815E+000
 0501  0.1766861571775815E+000
 0502  0.1766861571775815E+000
 0503  0.1766861571775815E+000
 0504  0.1766861571775815E+000
 0505  0.1766861571775815E+000
 0506  0.1766861571775815E+000
 0507  0.1766861571775815E+000
 0508  0.1766861571775815E+000
 0509  0.1766861571775815E+000
 0510  0.1766861571775815E+000
 0511  0.1766861571775815E+000
 0512  0.1766861571775815E+000
 0513  0.1766861571775815E+000
 0514  0.1766861571775815E+000
 0515  0.1766861571775815E+000
 0516  0.1766861571775815E+000
 0517  0.1766861571775815E+000
 0518  0.1766861571775815E+000
 0519  0.1766861571775815E+000
 0520  0.1766861571775815E+000
 0521  0.1766861571775815E+000
 0522  0.1766861571775815E+000
 0523  0.1766861571775815E+000
 0524  0.1766861571775815E+000
 0525  0.1766861571775815E+000
 0526  0.1766861571775815E+000
 0527  0.1766861571775815E+000
 0528  0.1766861571775815E+000
 0529  0.1766861571775815E+000
 0530  0.1766861571775815E+000
 0531  0.1766861571775815E+000
 0532  0.1766861571775815E+000
 0533  0.1766861571775815E+000
 0534  0.1766861571775815E+000
 0535  0.1766861571775815E+000
 0536  0.1766861571775815E+000
 0537  0.1766861571775815E+000
 0538  0.1766861571775815E+000
 0539  0.1766861571775815E+000
 0540  0.1766861571775815E+000
 0541  0.1766861571775815E+000
 0542  0.1766861571775815E+000
 0543  0.1766861571775815E+000
 0544  0.1766861571775815E+000
 0545  0.1766861571775815E+000
 0546  0.1766861571775815E+000
 0547  0.1766861571775815E+000
 0548  0.1766861571775815E+000
 0549  0.1766861571775815E+000
 0550  0.1766861571775815E+000
 0551  0.1766861571775815E+000
 0552  0.1766861571775815E+000
 0553  0.1766861571775815E+000
 0554  0.1766861571775815E+000
 0555  0.1766861571775815E+000
 0556  0.1766861571775815E+000
 0557  0.1766861571775815E+000
 0558  0.1766861571775815E+000
 0559  0.1766861571775815E+000
 0560  0.1766861571775815E+000
 0561  0.1766861571775815E+000
 0562  0.1766861571775815E+000
 0563  0.1766861571775815E+000
 0564  0.1766861571775815E+000
 0565  0.1766861571775815E+000
 0566  0.1766861571775815E+000
 0567  0.1766861571775815E+000
 0568  0.1766861571775815E+000
 0569  0.1766861571775815E+000
 0570  0.1766861571775815E+000
 0571  0.1766861571775815E+000
 0572  0.1766861571775815E+000
 0573  0.1766861571775815E+000
 0574  0.1766861571775815E+000
 0575  0.1766861571775815E+000
 0576  0.1766861571775815E+000
 0577  0.1766861571775815E+000
 0578  0.1766861571775815E+000
 0579  0.1766861571775815E+000
 0580  0.1766861571775815E+000
 0581  0.1766861571775815E+000
 0582  0.1766861571775815E+000
 0583  0.1766861571775815E+000
 0584  0.1766861571775815E+000
 0585  0.1766861571775815E+000
 0586  0.1766861571775815E+000
 0587  0.1766861571775815E+000
 0588  0.1766861571775815E+000
 0589  0.1766861571775815E+000
 0590  0.1766861571775815E+000
 0591  0.1766861571775815E+000
 0592  0.1766861571775815E+000
 0593  0.1766861571775815E+000
 0594  0.1766861571775815E+000
 0595  0.1766861571775815E+000
 0596  0.1766861571775815E+000
 0597  0.1766861571775815E+000
 0598  0.1766861571775815E+000
 0599  0.1766861571775815E+000
 0600  0.1766861571775815E+000
 0601  0.1766861571775815E+000
 0602  0.1766861571775815E+000
 0603  0.1766861571775815E+000
 0604  0.1766861571775815E+000
 0605  0.1766861571775815E+000
 0606  0.1766861571775815E+000
 0607  0.1766861571775815E+000
 0608  0.1766861571775815E+000
 0609  0.1766861571775815E+000
 0610  0.1766861571775815E+000
 0611  0.1766861571775815E+000
 0612  0.1766861571775815E+000
 0613  0.1766861571775815E+000
 0614  0.1766861571775815E+000
 0615  0.1766861571775815E+000
 0616  0.1766861571775815E+000
 0617  0.1766861571775815E+000
 0618  0.1766861571775815E+000
 0619  0.1766861571775815E+000
 0620  0.1766861571775815E+000
 0621  0.1766861571775815E+000
 0622  0.1766861571775815E+000
 0623  0.1766861571775815E+000
 0624  0.1766861571775815E+000
 0625  0.1766861571775815E+000
 0626  0.1766861571775815E+000
 0627  0.1766861571775815E+000
 0628  0.1766861571775815E+000
 0629  0.1766861571775815E+000
 0630  0.1766861571775815E+000
 0631  0.1766861571775815E+000
 0632  0.1766861571775815E+000
 0633  0.1766861571775815E+000
 0634  0.1766861571775815E+000
 0635  0.1766861571775815E+000
 0636  0.1766861571775815E+000
 0637  0.1766861571775815E+000
 0638  0.1766861571775815E+000
 0639  0.1766861571775815E+000
 0640  0.1766861571775815E+000
 0641  0.1766861571775815E+000
 0642  0.1766861571775815E+000
 0643  0.1766861571775815E+000
 0644  0.1766861571775815E+000
 0645  0.1766861571775815E+000
 0646  0.1766861571775815E+000
 0647  0.1766861571775815E+000
 0648  0.1766861571775815E+000
 0649  0.1766861571775815E+000
 0650  0.1766861571775815E+000
 0651  0.1766861571775815E+000
 0652  0.1766861571775815E+000
 0653  0.1766861571775815E+000
 0654  0.1766861571775815E+000
 0655  0.1766861571775815E+000
 0656  0.1766861571775815E+000
 0657  0.1766861571775815E+000
 0658  0.1766861571775815E+000
 0659  0.1766861571775815E+000
 0660  0.1766861571775815E+000
 0661  0.1766861571775815E+000
 0662  0.1766861571775815E+000
 0663  0.1766861571775815E+000
 0664  0.1766861571775815E+000
 0665  0.1766861571775815E+000
 0666  0.1766861571775815E+000
 0667  0.1766861571775815E+000
 0668  0.1766861571775815E+000
 0669  0.1766861571775815E+000
 0670  0.1766861571775815E+000
 0671  0.1766861571775815E+000
 0672  0.1766861571775815E+000
 0673  0.1766861571775815E+000
 0674  0.1766861571775815E+000
 0675  0.1766861571775815E+000
 0676  0.1766861571775815E+000
 0677  0.1766861571775815E+000
 0678  0.1766861571775815E+000
 0679  0.1766861571775815E+000
 0680  0.1766861571775815E+000
 0681  0.1766861571775815E+000
 0682  0.1766861571775815E+000
 0683  0.1766861571775815E+000
 0684  0.1766861571775815E+000
 0685  0.1766861571775815E+000
 0686  0.1766861571775815E+000
 0687  0.1766861571775815E+000
 0688  0.1766861571775815E+000
 0689  0.1766861571775815E+000
 0690  0.1766861571775815E+000
 0691  0.1766861571775815E+000
 0692  0.1766861571775815E+000
 0693  0.1766861571775815E+000
 0694  0.1766861571775815E+000
 0695  0.1766861571775815E+000
 0696  0.1766861571775815E+000
 0697  0.1766861571775815E+000
 0698  0.1766861571775815E+000
 0699  0.1766861571775815E+000
 0700  0.1766861571775815E+000
 0701  0.1766861571775815E+000
 0702  0.1766861571775815E+000
 0703  0.1766861571775815E+000
 0704  0.1766861571775815E+000
 0705  0.1766861571775815E+000
 0706  0.1766861571775815E+000
 0707  0.1766861571775815E+000
 0708  0.1766861571775815E+000
 0709  0.1766861571775815E+000
 0710  0.1766861571775815E+000
 0711  0.1766861571775815E+000
 0712  0.1766861571775815E+000
 0713  0.1766861571775815E+000
 0714  0.1766861571775815E+000
 0715  0.1766861571775815E+000
 0716  0.1766861571775815E+000
 0717  0.1766861571775815E+000
 0718  0.1766861571775815E+000
 0719  0.1766861571775815E+000
 0720  0.1766861571775815E+000
 0721  0.1766861571775815E+000
 0722  0.1766861571775815E+000
 0723  0.1766861571775815E+000
 0724  0.1766861571775815E+000
 0725  0.1766861571775815E+000
 0726  0.1766861571775815E+000
 0727  0.1766861571775815E+000
 0728  0.1766861571775815E+000
 0729  0.1766861571775815E+000
 0730  0.1766861571775815E+000
 0731  0.1766861571775815E+000
 0732  0.1766861571775815E+000
 0733  0.1766861571775815E+000
 0734  0.1766861571775815E+000
 0735  0.1766861571775815E+000
 0736  0.1766861571775815E+000
 0737  0.1766861571775815E+000
 0738  0.1766861571775815E+000
 0739  0.1766861571775815E+000
 0740  0.1766861571775815E+000
 0741  0.1766861571775815E+000
 0742  0.1766861571775815E+000
 0743  0.1766861571775815E+000
 0744  0.1766861571775815E+000
 0745  0.1766861571775815E+000
 0746  0.1766861571775815E+000
 0747  0.1766861571775815E+000
 0748  0.1766861571775815E+000
 0749  0.1766861571775815E+000
 0750  0.1766861571775815E+000
 0751  0.1766861571775815E+000
 0752  0.1766861571775815E+000
 0753  0.1766861571775815E+000
 0754  0.1766861571775815E+000
 0755  0.1766861571775815E+000
 0756  0.1766861571775815E+000
 0757  0.1766861571775815E+000
 0758  0.1766861571775815E+000
 0759  0.1766861571775815E+000
 0760  0.1766861571775815E+000
 0761  0.1766861571775815E+000
 0762  0.1766861571775815E+000
 0763  0.1766861571775815E+000
 0764  0.1766861571775815E+000
 0765  0.1766861571775815E+000
 0766  0.1766861571775815E+000
 0767  0.1766861571775815E+000
 0768  0.1766861571775815E+000
 0769  0.1766861571775815E+000
 0770  0.1766861571775815E+000
 0771  0.1766861571775815E+000
 0772  0.1766861571775815E+000
 0773  0.1766861571775815E+000
 0774  0.1766861571775815E+000
 0775  0.1766861571775815E+000
 0776  0.1766861571775815E+000
 0777  0.1766861571775815E+000
 0778  0.1766861571775815E+000
 0779  0.1766861571775815E+000
 0780  0.1766861571775815E+000
 0781  0.1766861571775815E+000
 0782  0.1766861571775815E+000
 0783  0.1766861571775815E+000
 0784  0.1766861571775815E+000
 0785  0.1766861571775815E+000
 0786  0.1766861571775815E+000
 0787  0.1766861571775815E+000
 0788  0.1766861571775815E+000
 0789  0.1766861571775815E+000
 0790  0.1766861571775815E+000
 0791  0.1766861571775815E+000
 0792  0.1766861571775815E+000
 0793  0.1766861571775815E+000
 0794  0.1766861571775815E+000
 0795  0.1766861571775815E+000
 0796  0.1766861571775815E+000
 0797  0.1766861571775815E+000
 0798  0.1766861571775815E+000
 0799  0.1766861571775815E+000
 0800  0.1766861571775815E+000
 0801  0.1766861571775815E+000
 0802  0.1766861571775815E+000
 0803  0.1766861571775815E+000
 0804  0.1766861571775815E+000
 0805  0.1766861571775815E+000
 0806  0.1766861571775815E+000
 0807  0.1766861571775815E+000
 0808  0.1766861571775815E+000
 0809  0.1766861571775815E+000
 0810  0.1766861571775815E+000
 0811  0.1766861571775815E+000
 0812  0.1766861571775815E+000
 0813  0.1766861571775815E+000
 0814  0.1766861571775815E+000
 0815  0.1766861571775815E+000
 0816  0.1766861571775815E+000
 0817  0.1766861571775815E+000
 0818  0.1766861571775815E+000
 0819  0.1766861571775815E+000
 0820  0.1766861571775815E+000
 0821  0.1766861571775815E+000
 0822  0.1766861571775815E+000
 0823  0.1766861571775815E+000
 0824  0.1766861571775815E+000
 0825  0.1766861571775815E+000
 0826  0.1766861571775815E+000
 0827  0.1766861571775815E+000
 0828  0.1766861571775815E+000
 0829  0.1766861571775815E+000
 0830  0.1766861571775815E+000
 0831  0.1766861571775815E+000
 0832  0.1766861571775815E+000
 0833  0.1766861571775815E+000
 0834  0.1766861571775815E+000
 0835  0.1766861571775815E+000
 0836  0.1766861571775815E+000
 0837  0.1766861571775815E+000
 0838  0.1766861571775815E+000
 0839  0.1766861571775815E+000
 0840  0.1766861571775815E+000
 0841  0.1766861571775815E+000
 0842  0.1766861571775815E+000
 0843  0.1766861571775815E+000
 0844  0.1766861571775815E+000
 0845  0.1766861571775815E+000
 0846  0.1766861571775815E+000
 0847  0.1766861571775815E+000
 0848  0.1766861571775815E+000
 0849  0.1766861571775815E+000
 0850  0.1766861571775815E+000
 0851  0.1766861571775815E+000
 0852  0.1766861571775815E+000
 0853  0.1766861571775815E+000
 0854  0.1766861571775815E+000
 0855  0.1766861571775815E+000
 0856  0.1766861571775815E+000
 0857  0.1766861571775815E+000
 0858  0.1766861571775815E+000
 0859  0.1766861571775815E+000
 0860  0.1766861571775815E+000
 0861  0.1766861571775815E+000
 0862  0.1766861571775815E+000
 0863  0.1766861571775815E+000
 0864  0.1766861571775815E+000
 0865  0.1766861571775815E+000
 0866  0.1766861571775815E+000
 0867  0.1766861571775815E+000
 0868  0.1766861571775815E+000
 0869  0.1766861571775815E+000
 0870  0.1766861571775815E+000
 0871  0.1766861571775815E+000
 0872  0.1766861571775815E+000
 0873  0.1766861571775815E+000
 0874  0.1766861571775815E+000
 0875  0.1766861571775815E+000
 0876  0.1766861571775815E+000
 0877  0.1766861571775815E+000
 0878  0.1766861571775815E+000
 0879  0.1766861571775815E+000
 0880  0.1766861571775815E+000
 0881  0.1766861571775815E+000
 0882  0.1766861571775815E+000
 0883  0.1766861571775815E+000
 0884  0.1766861571775815E+000
 0885  0.1766861571775815E+000
 0886  0.1766861571775815E+000
 0887  0.1766861571775815E+000
 0888  0.1766861571775815E+000
 0889  0.1766861571775815E+000
 0890  0.1766861571775815E+000
 0891  0.1766861571775815E+000
 0892  0.1766861571775815E+000
 0893  0.1766861571775815E+000
 0894  0.1766861571775815E+000
 0895  0.1766861571775815E+000
 0896  0.1766861571775815E+000
 0897  0.1766861571775815E+000
 0898  0.1766861571775815E+000
 0899  0.1766861571775815E+000
 0900  0.1766861571775815E+000
 0901  0.1766861571775815E+000
 0902  0.1766861571775815E+000
 0903  0.1766861571775815E+000
 0904  0.1766861571775815E+000
 0905  0.1766861571775815E+000
 0906  0.1766861571775815E+000
 0907  0.1766861571775815E+000
 0908  0.1766861571775815E+000
 0909  0.1766861571775815E+000
 0910  0.1766861571775815E+000
 0911  0.1766861571775815E+000
 0912  0.1766861571775815E+000
 0913  0.1766861571775815E+000
 0914  0.1766861571775815E+000
 0915  0.1766861571775815E+000
 0916  0.1766861571775815E+000
 0917  0.1766861571775815E+000
 0918  0.1766861571775815E+000
 0919  0.1766861571775815E+000
 0920  0.1766861571775815E+000
 0921  0.1766861571775815E+000
 0922  0.1766861571775815E+000
 0923  0.1766861571775815E+000
 0924  0.1766861571775815E+000
 0925  0.1766861571775815E+000
 0926  0.1766861571775815E+000
 0927  0.1766861571775815E+000
 0928  0.1766861571775815E+000
 0929  0.1766861571775815E+000
 0930  0.1766861571775815E+000
 0931  0.1766861571775815E+000
 0932  0.1766861571775815E+000
 0933  0.1766861571775815E+000
 0934  0.1766861571775815E+000
 0935  0.1766861571775815E+000
 0936  0.1766861571775815E+000
 0937  0.1766861571775815E+000
 0938  0.1766861571775815E+000
 0939  0.1766861571775815E+000
 0940  0.1766861571775815E+000
 0941  0.1766861571775815E+000
 0942  0.1766861571775815E+000
 0943  0.1766861571775815E+000
 0944  0.1766861571775815E+000
 0945  0.1766861571775815E+000
 0946  0.1766861571775815E+000
 0947  0.1766861571775815E+000
 0948  0.1766861571775815E+000
 0949  0.1766861571775815E+000
 0950  0.1766861571775815E+000
 0951  0.1766861571775815E+000
 0952  0.1766861571775815E+000
 0953  0.1766861571775815E+000
 0954  0.1766861571775815E+000
 0955  0.1766861571775815E+000
 0956  0.1766861571775815E+000
 0957  0.1766861571775815E+000
 0958  0.1766861571775815E+000
 0959  0.1766861571775815E+000
 0960  0.1766861571775815E+000
 0961  0.1766861571775815E+000
 0962  0.1766861571775815E+000
 0963  0.1766861571775815E+000
 0964  0.1766861571775815E+000
 0965  0.1766861571775815E+000
 0966  0.1766861571775815E+000
 0967  0.1766861571775815E+000
 0968  0.1766861571775815E+000
 0969  0.1766861571775815E+000
 0970  0.1766861571775815E+000
 0971  0.1766861571775815E+000
 0972  0.1766861571775815E+000
 0973  0.1766861571775815E+000
 0974  0.1766861571775815E+000
 0975  0.1766861571775815E+000
 0976  0.1766861571775815E+000
 0977  0.1766861571775815E+000
 0978  0.1766861571775815E+000
 0979  0.1766861571775815E+000
 0980  0.1766861571775815E+000
 0981  0.1766861571775815E+000
 0982  0.1766861571775815E+000
 0983  0.1766861571775815E+000
 0984  0.1766861571775815E+000
 0985  0.1766861571775815E+000
 0986  0.1766861571775815E+000
 0987  0.1766861571775815E+000
 0988  0.1766861571775815E+000
 0989  0.1766861571775815E+000
 0990  0.1766861571775815E+000
 0991  0.1766861571775815E+000
 0992  0.1766861571775815E+000
 0993  0.1766861571775815E+000
 0994  0.1766861571775815E+000
 0995  0.1766861571775815E+000
 0996  0.1766861571775815E+000
 0997  0.1766861571775815E+000
 0998  0.1766861571775815E+000
 0999  0.1766861571775815E+000
 1000  0.1766861571775815E+000
 1001  0.1766861571775815E+000
 1002  0.1766861571775815E+000
 1003  0.1766861571775815E+000
 1004  0.1766861571775815E+000
 1005  0.1766861571775815E+000
 1006  0.1766861571775815E+000
 1007  0.1766861571775815E+000
 1008  0.1766861571775815E+000
 1009  0.1766861571775815E+000
 1010  0.1766861571775815E+000
 1011  0.1766861571775815E+000
 1012  0.1766861571775815E+000
 1013  0.1766861571775815E+000
 1014  0.1766861571775815E+000
 1015  0.1766861571775815E+000
 1016  0.1766861571775815E+000
 1017  0.1766861571775815E+000
 1018  0.1766861571775815E+000
 1019  0.1766861571775815E+000
 1020  0.1766861571775815E+000
 1021  0.1766861571775815E+000
 1022  0.1766861571775815E+000
 1023  0.1766861571775815E+000
 1024  0.1766861571775815E+000
 1025  0.1766861571775815E+000
 1026  0.1766861571775815E+000
 1027  0.1766861571775815E+000
 1028  0.1766861571775815E+000
 1029  0.1766861571775815E+000
 1030  0.1766861571775815E+000
 1031  0.1766861571775815E+000
 1032  0.1766861571775815E+000
 1033  0.1766861571775815E+000
 1034  0.1766861571775815E+000
 1035  0.1766861571775815E+000
 1036  0.1766861571775815E+000
 1037  0.1766861571775815E+000
 1038  0.1766861571775815E+000
 1039  0.1766861571775815E+000
 1040  0.1766861571775815E+000
 1041  0.1766861571775815E+000
 1042  0.1766861571775815E+000
 1043  0.1766861571775815E+000
 1044  0.1766861571775815E+000
 1045  0.1766861571775815E+000
 1046  0.1766861571775815E+000
 1047  0.1766861571775815E+000
 1048  0.1766861571775815E+000
 1049  0.1766861571775815E+000
 1050  0.1766861571775815E+000
 1051  0.1766861571775815E+000
 1052  0.1766861571775815E+000
 1053  0.1766861571775815E+000
 1054  0.1766861571775815E+000
 1055  0.1766861571775815E+000
 1056  0.1766861571775815E+000
 1057  0.1766861571775815E+000
 1058  0.1766861571775815E+000
 1059  0.1766861571775815E+000
 1060  0.1766861571775815E+000
 1061  0.1766861571775815E+000
 1062  0.1766861571775815E+000
 1063  0.1766861571775815E+000
 1064  0.1766861571775815E+000
 1065  0.1766861571775815E+000
 1066  0.1766861571775815E+000
 1067  0.1766861571775815E+000
 1068  0.1766861571775815E+000
 1069  0.1766861571775815E+000
 1070  0.1766861571775815E+000
 1071  0.1766861571775815E+000
 1072  0.1766861571775815E+000
 1073  0.1766861571775815E+000
 1074  0.1766861571775815E+000
 1075  0.1766861571775815E+000
 1076  0.1766861571775815E+000
 1077  0.1766861571775815E+000
 1078  0.1766861571775815E+000
 1079  0.1766861571775815E+000
 1080  0.1766861571775815E+000
 1081  0.1766861571775815E+000
 1082  0.1766861571775815E+000
 1083  0.1766861571775815E+000
 1084  0.1766861571775815E+000
 1085  0.1766861571775815E+000
 1086  0.1766861571775815E+000
 1087  0.1766861571775815E+000
 1088  0.1766861571775815E+000
 1089  0.1766861571775815E+000
 1090  0.1766861571775815E+000
 1091  0.1766861571775815E+000
 1092  0.1766861571775815E+000
 1093  0.1766861571775815E+000
 1094  0.1766861571775815E+000
 1095  0.1766861571775815E+000
 1096  0.1766861571775815E+000
 1097  0.1766861571775815E+000
 1098  0.1766861571775815E+000
 1099  0.1766861571775815E+000
 1100  0.1766861571775815E+000
 1101  0.1766861571775815E+000
 1102  0.1766861571775815E+000
 1103  0.1766861571775815E+000
 1104  0.1766861571775815E+000
 1105  0.1766861571775815E+000
 1106  0.1766861571775815E+000
 1107  0.1766861571775815E+000
 1108  0.1766861571775815E+000
 1109  0.1766861571775815E+000
 1110  0.1766861571775815E+000
 1111  0.1766861571775815E+000
 1112  0.1766861571775815E+000
 1113  0.1766861571775815E+000
 1114  0.1766861571775815E+000
 1115  0.1766861571775815E+000
 1116  0.1766861571775815E+000
 1117  0.1766861571775815E+000
 1118  0.1766861571775815E+000
 1119  0.1766861571775815E+000
 1120  0.1766861571775815E+000
 1121  0.1766861571775815E+000
 1122  0.1766861571775815E+000
 1123  0.1766861571775815E+000
 1124  0.1766861571775815E+000
 1125  0.1766861571775815E+000
 1126  0.1766861571775815E+000
 1127  0.1766861571775815E+000
 1128  0.1766861571775815E+000
 1129  0.1766861571775815E+000
 1130  0.1766861571775815E+000
 1131  0.1766861571775815E+000
 1132  0.1766861571775815E+000
 1133  0.1766861571775815E+000
 1134  0.1766861571775815E+000
 1135  0.1766861571775815E+000
 1136  0.1766861571775815E+000
 1137  0.1766861571775815E+000
 1138  0.1766861571775815E+000
 1139  0.1766861571775815E+000
 1140  0.1766861571775815E+000
 1141  0.1766861571775815E+000
 1142  0.1766861571775815E+000
 1143  0.1766861571775815E+000
 1144  0.1766861571775815E+000
 1145  0.1766861571775815E+000
 1146  0.1766861571775815E+000
 1147  0.1766861571775815E+000
 1148  0.1766861571775815E+000
 1149  0.1766861571775815E+000
 1150  0.1766861571775815E+000
 1151  0.1766861571775815E+000
 1152  0.1766861571775815E+000
 1153  0.1766861571775815E+000
 1154  0.1766861571775815E+000
 1155  0.1766861571775815E+000
 1156  0.1766861571775815E+000
 1157  0.1766861571775815E+000
 1158  0.1766861571775815E+000
 1159  0.1766861571775815E+000
 1160  0.1766861571775815E+000
 1161  0.1766861571775815E+000
 1162  0.1766861571775815E+000
 1163  0.1766861571775815E+000
 1164  0.1766861571775815E+000
 1165  0.1766861571775815E+000
 1166  0.1766861571775815E+000
 1167  0.1766861571775815E+000
 1168  0.1766861571775815E+000
 1169  0.1766861571775815E+000
 1170  0.1766861571775815E+000
 1171  0.1766861571775815E+000
 1172  0.1766861571775815E+000
 1173  0.1766861571775815E+000
 1174  0.1766861571775815E+000
 1175  0.1766861571775815E+000
 1176  0.1766861571775815E+000
 1177  0.1766861571775815E+000
 1178  0.1766861571775815E+000
 1179  0.1766861571775815E+000
 1180  0.1766861571775815E+000
 1181  0.1766861571775815E+000
 1182  0.1766861571775815E+000
 1183  0.1766861571775815E+000
 1184  0.1766861571775815E+000
 1185  0.1766861571775815E+000
 1186  0.1766861571775815E+000
 1187  0.1766861571775815E+000
 1188  0.1766861571775815E+000
 1189  0.1766861571775815E+000
 1190  0.1766861571775815E+000
 1191  0.1766861571775815E+000
 1192  0.1766861571775815E+000
 1193  0.1766861571775815E+000
 1194  0.1766861571775815E+000
 1195  0.1766861571775815E+000
 1196  0.1766861571775815E+000
 1197  0.1766861571775815E+000
 1198  0.1766861571775815E+000
 1199  0.1766861571775815E+000
 1200  0.1766861571775815E+000
 1201  0.1766861571775815E+000
 1202  0.1766861571775815E+000
 1203  0.1766861571775815E+000
 1204  0.1766861571775815E+000
 1205  0.1766861571775815E+000
 1206  0.1766861571775815E+000
 1207  0.1766861571775815E+000
 1208  0.1766861571775815E+000
 1209  0.1766861571775815E+000
 1210  0.1766861571775815E+000
 1211  0.1766861571775815E+000
 1212  0.1766861571775815E+000
 1213  0.1766861571775815E+000
 1214  0.1766861571775815E+000
 1215  0.1766861571775815E+000
 1216  0.1766861571775815E+000
 1217  0.1766861571775815E+000
 1218  0.1766861571775815E+000
 1219  0.1766861571775815E+000
 1220  0.1766861571775815E+000
 1221  0.1766861571775815E+000
 1222  0.1766861571775815E+000
 1223  0.1766861571775815E+000
 1224  0.1766861571775815E+000
 1225  0.1766861571775815E+000
 1226  0.1766861571775815E+000
 1227  0.1766861571775815E+000
 1228  0.1766861571775815E+000
 1229  0.1766861571775815E+000
 1230  0.1766861571775815E+000
 1231  0.1766861571775815E+000
 1232  0.1766861571775815E+000
 1233  0.1766861571775815E+000
 1234  0.1766861571775815E+000
 1235  0.1766861571775815E+000
 1236  0.1766861571775815E+000
 1237  0.1766861571775815E+000
 1238  0.1766861571775815E+000
 1239  0.1766861571775815E+000
 1240  0.1766861571775815E+000
 1241  0.1766861571775815E+000
 1242  0.1766861571775815E+000
 1243  0.1766861571775815E+000
 1244  0.1766861571775815E+000
 1245  0.1766861571775815E+000
 1246  0.1766861571775815E+000
 1247  0.1766861571775815E+000
 1248  0.1766861571775815E+000
 1249  0.1766861571775815E+000
 1250  0.1766861571775815E+000
 1251  0.1766861571775815E+000
 1252  0.1766861571775815E+000
 1253  0.1766861571775815E+000
 1254  0.1766861571775815E+000
 1255  0.1766861571775815E+000
 1256  0.1766861571775815E+000
 1257  0.1766861571775815E+000
 1258  0.1766861571775815E+000
 1259  0.1766861571775815E+000
 1260  0.1766861571775815E+000
 1261  0.1766861571775815E+000
 1262  0.1766861571775815E+000
 1263  0.1766861571775815E+000
 1264  0.1766861571775815E+000
 1265  0.1766861571775815E+000
