 0001  0.2302650174213873E+002
 0002  0.2557159389321437E+002
 0003  0.2771242950996508E+002
 0004  0.2955001280676666E+002
 0005  0.3120197132698702E+002
 0006  0.3272111045561646E+002
 0007  0.3416892913795758E+002
 0008  0.3548793173939877E+002
 0009  0.3674366279870522E+002
 0010  0.3799944224714270E+002
 0011  0.3924826508831504E+002
 0012  0.4037967175516524E+002
 0013  0.4144358680870074E+002
 0014  0.4247189900126093E+002
 0015  0.4349624953936647E+002
 0016  0.4452339112535236E+002
 0017  0.4549664570103829E+002
 0018  0.4640235644830931E+002
 0019  0.4731062329314183E+002
 0020  0.4825896463947370E+002
 0021  0.4917263349723758E+002
 0022  0.4999049317842736E+002
 0023  0.5076336873057169E+002
 0024  0.5155578628717620E+002
 0025  0.5237014985010524E+002
 0026  0.5315545761350422E+002
 0027  0.5387226471367416E+002
 0028  0.5453664875755222E+002
 0029  0.5518150048673343E+002
 0030  0.5582166878071219E+002
 0031  0.5646374655708734E+002
 0032  0.5709195404286614E+002
 0033  0.5770559662015783E+002
 0034  0.5831944548616032E+002
 0035  0.5891427608939807E+002
 0036  0.5949321003992757E+002
 0037  0.6005026978201484E+002
 0038  0.6058281425309616E+002
 0039  0.6109851668200512E+002
 0040  0.6159634927504110E+002
 0041  0.6207131476920068E+002
 0042  0.6250120824879451E+002
 0043  0.6300480477971055E+002
 0044  0.6350115509331516E+002
 0045  0.6394650799473689E+002
 0046  0.6437503791690393E+002
 0047  0.6484683678560019E+002
 0048  0.6539151360882317E+002
 0049  0.6596653109840254E+002
 0050  0.6653583898205484E+002
 0051  0.6709227190898336E+002
 0052  0.6764646573765343E+002
 0053  0.6819108363149125E+002
 0054  0.6871675018450529E+002
 0055  0.6922520700790855E+002
 0056  0.6971464025176377E+002
 0057  0.7022388108816136E+002
 0058  0.7073597953641072E+002
 0059  0.7124324774412054E+002
 0060  0.7175468519509289E+002
 0061  0.7226776110546032E+002
 0062  0.7278826845159985E+002
 0063  0.7332601121159568E+002
 0064  0.7388227412250593E+002
 0065  0.7444677649716202E+002
 0066  0.7502201136616782E+002
 0067  0.7560954063743277E+002
 0068  0.7621165706815341E+002
 0069  0.7682907605901667E+002
 0070  0.7745748897755111E+002
 0071  0.7811228035380296E+002
 0072  0.7878361553296621E+002
 0073  0.7946024806093214E+002
 0074  0.8015798190044686E+002
 0075  0.8087649698553371E+002
 0076  0.8160798909400383E+002
 0077  0.8235051394755871E+002
 0078  0.8310088611395538E+002
 0079  0.8385733267510972E+002
 0080  0.8462397413615261E+002
 0081  0.8539555162361370E+002
 0082  0.8618988246994927E+002
 0083  0.8699156738342062E+002
 0084  0.8769010168647293E+002
 0085  0.8833735956113470E+002
 0086  0.8908956985486161E+002
 0087  0.8986103063838780E+002
 0088  0.9064950886084890E+002
 0089  0.9157551252213014E+002
 0090  0.9255914439847119E+002
 0091  0.9353505779693745E+002
 0092  0.9450963101351191E+002
 0093  0.9389889844344253E+002
 0094  0.9308201400796314E+002
 0095  0.9375937008308253E+002
 0096  0.9483069860703779E+002
 0097  0.9593500263357420E+002
 0098  0.9698751621265261E+002
 0099  0.9804218343040408E+002
 0100  0.9876655824759202E+002
 0101  0.9874252845091533E+002
 0102  0.9876700704326461E+002
 0103  0.9887655070653963E+002
 0104  0.9914780119739198E+002
 0105  0.9923578993155533E+002
 0106  0.9913457345744024E+002
 0107  0.9911220382171231E+002
 0108  0.9908211367076352E+002
 0109  0.9908111560792572E+002
 0110  0.9910326427729139E+002
 0111  0.9909543533604982E+002
 0112  0.9910957375084934E+002
 0113  0.9920025990945091E+002
 0114  0.9917192323669587E+002
 0115  0.9921411500959550E+002
 0116  0.9924827662569308E+002
 0117  0.9917118890798136E+002
 0118  0.9898639024638487E+002
 0119  0.9828334760330267E+002
 0120  0.9674793876158718E+002
 0121  0.9571175725282384E+002
 0122  0.9515691286280368E+002
 0123  0.9557556640193650E+002
 0124  0.9629090822464175E+002
 0125  0.9708743054225644E+002
 0126  0.9776270179692644E+002
 0127  0.9832855022663594E+002
 0128  0.9879123174564369E+002
 0129  0.9870795287881238E+002
 0130  0.9861564203308170E+002
 0131  0.9845721330885608E+002
 0132  0.9827232301510709E+002
 0133  0.9804421811676882E+002
 0134  0.9784317797834061E+002
 0135  0.9768776353643609E+002
 0136  0.9750799427866986E+002
 0137  0.9731194908883897E+002
 0138  0.9712558275463061E+002
 0139  0.9694656219362712E+002
 0140  0.9677847441457594E+002
 0141  0.9662358153443985E+002
 0142  0.9646288408887004E+002
 0143  0.9628507408584956E+002
 0144  0.9610793407523505E+002
 0145  0.9592752534154629E+002
 0146  0.9574818407249982E+002
 0147  0.9554952335145040E+002
 0148  0.9534973228809744E+002
 0149  0.9513016753670134E+002
 0150  0.9490419390847994E+002
 0151  0.9475699483918288E+002
 0152  0.9466559617257788E+002
 0153  0.9457473830487410E+002
 0154  0.9448441803620595E+002
 0155  0.9431493809304025E+002
 0156  0.9401184444984892E+002
 0157  0.9371054418850109E+002
 0158  0.9341102669769393E+002
 0159  0.9311328142891084E+002
 0160  0.9253088370599133E+002
 0161  0.9187228417383818E+002
 0162  0.9132261794273838E+002
 0163  0.9094406941183063E+002
 0164  0.9056776072355063E+002
 0165  0.9030132888205290E+002
 0166  0.9004672431804505E+002
 0167  0.8979362622971765E+002
 0168  0.8954202570336963E+002
 0169  0.8929191387804157E+002
 0170  0.8862509404855747E+002
 0171  0.8795793531882029E+002
 0172  0.8729472411612474E+002
 0173  0.8663543708325608E+002
 0174  0.8579437859778919E+002
 0175  0.8442439484765202E+002
 0176  0.8306251718630473E+002
 0177  0.8170869765064171E+002
 0178  0.8027967470202985E+002
 0179  0.7880962432067484E+002
 0180  0.7734827211469306E+002
 0181  0.7586882693151428E+002
 0182  0.7341992070283857E+002
 0183  0.7098550446451914E+002
 0184  0.6876000635964964E+002
 0185  0.6676040541265569E+002
 0186  0.6479486045242740E+002
 0187  0.6315362158409960E+002
 0188  0.6152209380029441E+002
 0189  0.5990021964126957E+002
 0190  0.5801027754903151E+002
 0191  0.5612122539969624E+002
 0192  0.5428752553627999E+002
 0193  0.5256928577269314E+002
 0194  0.5086121270202116E+002
 0195  0.4945320073003158E+002
 0196  0.4812447511644022E+002
 0197  0.4680361147040878E+002
 0198  0.4541531740114812E+002
 0199  0.4401154384075333E+002
 0200  0.4261607630086463E+002
 0201  0.4111683757932703E+002
 0202  0.3961104479350649E+002
 0203  0.3882397107685048E+002
 0204  0.3809343735204051E+002
 0205  0.3803601938970312E+002
 0206  0.3797894116504568E+002
 0207  0.3792220066786641E+002
 0208  0.3777172975236095E+002
 0209  0.3739771897005288E+002
 0210  0.3711598258042221E+002
 0211  0.3694602490088789E+002
 0212  0.3696209463751773E+002
 0213  0.3719289985653848E+002
 0214  0.3742233941877799E+002
 0215  0.3750464435564076E+002
 0216  0.3752422642426041E+002
 0217  0.3754369262728172E+002
 0218  0.3744215450209490E+002
 0219  0.3731955922284808E+002
 0220  0.3719768933046711E+002
 0221  0.3709435216980414E+002
 0222  0.3702327028276439E+002
 0223  0.3695260898179922E+002
 0224  0.3688236577833308E+002
 0225  0.3655378112785864E+002
 0226  0.3616737202937653E+002
 0227  0.3578324928389771E+002
 0228  0.3576486319712226E+002
 0229  0.3604363919117754E+002
 0230  0.3632076568905439E+002
 0231  0.3646610858327097E+002
 0232  0.3655424149525803E+002
 0233  0.3661127230301035E+002
 0234  0.3654410289093467E+002
 0235  0.3647733091511925E+002
 0236  0.3639096853857166E+002
 0237  0.3628192517088083E+002
 0238  0.3617352700443445E+002
 0239  0.3602575777628914E+002
 0240  0.3585896451790401E+002
 0241  0.3569315816243795E+002
 0242  0.3555456456834678E+002
 0243  0.3541968467210757E+002
 0244  0.3528560284987091E+002
 0245  0.3519121470561707E+002
 0246  0.3512954974388536E+002
 0247  0.3506824964900331E+002
 0248  0.3502177524940330E+002
 0249  0.3508597015134900E+002
 0250  0.3514978521698279E+002
 0251  0.3521322269376698E+002
 0252  0.3524960640268007E+002
 0253  0.3526801835275133E+002
 0254  0.3528632136072597E+002
 0255  0.3530451607120602E+002
 0256  0.3544855810386871E+002
 0257  0.3559687234576452E+002
 0258  0.3574430902366475E+002
 0259  0.3587389265646355E+002
 0260  0.3573204937118712E+002
 0261  0.3559104536175219E+002
 0262  0.3545087566222794E+002
 0263  0.3531153533606663E+002
 0264  0.3517301947592964E+002
 0265  0.3503532320351477E+002
 0266  0.3492074408602651E+002
 0267  0.3482127090567784E+002
 0268  0.3472238630050902E+002
 0269  0.3462408678796585E+002
 0270  0.3452902400214701E+002
 0271  0.3443987344512043E+002
 0272  0.3435125038510311E+002
 0273  0.3426315170093570E+002
 0274  0.3417557428992651E+002
 0275  0.3411528589510883E+002
 0276  0.3406024805752603E+002
 0277  0.3400553587460754E+002
 0278  0.3395114741947968E+002
 0279  0.3389651811744033E+002
 0280  0.3381326624295040E+002
 0281  0.3373050696341749E+002
 0282  0.3364823736419505E+002
 0283  0.3356645454788222E+002
 0284  0.3348515563422185E+002
 0285  0.3340433775999906E+002
 0286  0.3338750000187636E+002
 0287  0.3349023705269901E+002
 0288  0.3359236621627050E+002
 0289  0.3369389108941307E+002
 0290  0.3379481524766688E+002
 0291  0.3385964444241067E+002
 0292  0.3385137032034808E+002
 0293  0.3384314515563123E+002
 0294  0.3383496865858324E+002
 0295  0.3382684054124125E+002
 0296  0.3381876051734627E+002
 0297  0.3381072830233303E+002
 0298  0.3380274361332007E+002
 0299  0.3373420672699962E+002
 0300  0.3357726109739033E+002
 0301  0.3342124410303575E+002
 0302  0.3326615024927238E+002
 0303  0.3311197407394808E+002
 0304  0.3295871014722988E+002
 0305  0.3280635307141279E+002
 0306  0.3262190355547661E+002
 0307  0.3243682065285618E+002
 0308  0.3225283287157716E+002
 0309  0.3206993373189054E+002
 0310  0.3188811679238751E+002
 0311  0.3170737564977259E+002
 0312  0.3173801507553292E+002
 0313  0.3184056369654660E+002
 0314  0.3194250554523385E+002
 0315  0.3204384421182002E+002
 0316  0.3214458326528731E+002
 0317  0.3224472625350059E+002
 0318  0.3234427670333225E+002
 0319  0.3244323812078645E+002
 0320  0.3254161399112260E+002
 0321  0.3245596596658319E+002
 0322  0.3235901129416170E+002
 0323  0.3226263029510179E+002
 0324  0.3216681957502216E+002
 0325  0.3207157575962583E+002
 0326  0.3197689549458129E+002
 0327  0.3188277544540429E+002
 0328  0.3178921229734049E+002
 0329  0.3169620275524875E+002
 0330  0.3160374354348497E+002
 0331  0.3152089703251501E+002
 0332  0.3147188978833809E+002
 0333  0.3142317251626675E+002
 0334  0.3137474350055830E+002
 0335  0.3132660103562192E+002
 0336  0.3127874342595868E+002
 0337  0.3123116898610179E+002
 0338  0.3118387604055718E+002
 0339  0.3111349573211066E+002
 0340  0.3104236762774219E+002
 0341  0.3097166038291267E+002
 0342  0.3090137150742853E+002
 0343  0.3083149852583040E+002
 0344  0.3076203897730604E+002
 0345  0.3069299041560369E+002
 0346  0.3062435040894582E+002
 0347  0.3057167374129487E+002
 0348  0.3052870906574329E+002
 0349  0.3048599860888215E+002
 0350  0.3044354086651892E+002
 0351  0.3040133434336131E+002
 0352  0.3035937755296453E+002
 0353  0.3031766901767902E+002
 0354  0.3027620726859829E+002
 0355  0.3022948594078061E+002
 0356  0.3017572649934446E+002
 0357  0.3012228514840064E+002
 0358  0.3006916000583211E+002
 0359  0.3001634920065815E+002
 0360  0.2996385087296854E+002
 0361  0.2991166317385795E+002
 0362  0.2985978426536087E+002
 0363  0.2980821232038697E+002
 0364  0.2975694552265658E+002
 0365  0.2970598206663688E+002
 0366  0.2965532015747823E+002
 0367  0.2960495801095097E+002
 0368  0.2955512449037966E+002
 0369  0.2952054421847742E+002
 0370  0.2948616855539218E+002
 0371  0.2945199629046924E+002
 0372  0.2941802622021730E+002
 0373  0.2938425714826599E+002
 0374  0.2935068788532378E+002
 0375  0.2931731724913607E+002
 0376  0.2928414406444361E+002
 0377  0.2925116716294102E+002
 0378  0.2921838538323574E+002
 0379  0.2918579757080705E+002
 0380  0.2913200985987293E+002
 0381  0.2907798632257118E+002
 0382  0.2902428243839676E+002
 0383  0.2897089631598661E+002
 0384  0.2891782607516878E+002
 0385  0.2886506984689605E+002
 0386  0.2881262577318033E+002
 0387  0.2876049200702702E+002
 0388  0.2870866671237007E+002
 0389  0.2865714806400729E+002
 0390  0.2860593424753607E+002
 0391  0.2855502345928950E+002
 0392  0.2850441390627281E+002
 0393  0.2845410380610022E+002
 0394  0.2840409138693225E+002
 0395  0.2818644339379410E+002
 0396  0.2793257727402958E+002
 0397  0.2768021326062756E+002
 0398  0.2742934246573984E+002
 0399  0.2717995605410705E+002
 0400  0.2693204524274720E+002
 0401  0.2668560130064670E+002
 0402  0.2644061554845270E+002
 0403  0.2619707935816719E+002
 0404  0.2623805178869131E+002
 0405  0.2637568002603556E+002
 0406  0.2651249392765365E+002
 0407  0.2664849831190772E+002
 0408  0.2678369796864989E+002
 0409  0.2691809765939113E+002
 0410  0.2705170211746891E+002
 0411  0.2718451604821396E+002
 0412  0.2731654412911585E+002
 0413  0.2744779100998783E+002
 0414  0.2757826131313063E+002
 0415  0.2760463756741606E+002
 0416  0.2741049660697849E+002
 0417  0.2721750436371575E+002
 0418  0.2702565404075644E+002
 0419  0.2683493888144574E+002
 0420  0.2664535216910732E+002
 0421  0.2645688722680707E+002
 0422  0.2626953741711766E+002
 0423  0.2608329614188490E+002
 0424  0.2589815684199550E+002
 0425  0.2571411299714573E+002
 0426  0.2553115812561229E+002
 0427  0.2535693878437443E+002
 0428  0.2532542397282038E+002
 0429  0.2529409563198953E+002
 0430  0.2526295265854891E+002
 0431  0.2523199395569388E+002
 0432  0.2520121843310954E+002
 0433  0.2517062500693224E+002
 0434  0.2514021259971152E+002
 0435  0.2510998014037211E+002
 0436  0.2507992656417618E+002
 0437  0.2505005081268589E+002
 0438  0.2502035183372609E+002
 0439  0.2499082858134728E+002
 0440  0.2496148001578876E+002
 0441  0.2493230510344200E+002
 0442  0.2490330281681426E+002
 0443  0.2487447213449242E+002
 0444  0.2484581204110693E+002
 0445  0.2481732152729616E+002
 0446  0.2478899958967077E+002
 0447  0.2476084523077838E+002
 0448  0.2473285745906850E+002
 0449  0.2470503528885754E+002
 0450  0.2466939505090497E+002
 0451  0.2460669266142544E+002
 0452  0.2454436127717601E+002
 0453  0.2448239870294718E+002
 0454  0.2442080275651839E+002
 0455  0.2435957126858101E+002
 0456  0.2429870208266214E+002
 0457  0.2423819305504847E+002
 0458  0.2417804205471095E+002
 0459  0.2411824696322964E+002
 0460  0.2405880567471916E+002
 0461  0.2399971609575442E+002
 0462  0.2394097614529701E+002
 0463  0.2388258375462188E+002
 0464  0.2382726786154675E+002
 0465  0.2377951682132563E+002
 0466  0.2373204832034763E+002
 0467  0.2368486068684971E+002
 0468  0.2363795225896054E+002
 0469  0.2359132138464193E+002
 0470  0.2354496642163070E+002
 0471  0.2349888573738081E+002
 0472  0.2345307770900582E+002
 0473  0.2340754072322187E+002
 0474  0.2336227317629072E+002
 0475  0.2331727347396336E+002
 0476  0.2327254003142376E+002
 0477  0.2322807127323322E+002
 0478  0.2318386563327472E+002
 0479  0.2313992155469787E+002
 0480  0.2309623748986403E+002
 0481  0.2305281190029183E+002
 0482  0.2300964325660298E+002
 0483  0.2296673003846837E+002
 0484  0.2292407073455455E+002
 0485  0.2288166384247063E+002
 0486  0.2283950786871510E+002
 0487  0.2279760132862349E+002
 0488  0.2275594274631594E+002
 0489  0.2271453065464521E+002
 0490  0.2267336359514517E+002
 0491  0.2258091160441325E+002
 0492  0.2239665897996784E+002
 0493  0.2221349656417151E+002
 0494  0.2203141790634331E+002
 0495  0.2185041659397053E+002
 0496  0.2167048625248255E+002
 0497  0.2149162054502693E+002
 0498  0.2131381317224577E+002
 0499  0.2113705787205379E+002
 0500  0.2096134841941828E+002
 0501  0.2078667862613942E+002
 0502  0.2061304234063255E+002
 0503  0.2044043344771144E+002
 0504  0.2026884586837290E+002
 0505  0.2009827355958291E+002
 0506  0.1992871051406334E+002
 0507  0.2026516546963038E+002
 0508  0.2140201071540790E+002
 0509  0.2253212933504743E+002
 0510  0.2165551085403318E+002
 0511  0.1997357804579797E+002
 0512  0.1830159710500766E+002
 0513  0.1497832214924859E+002
 0514  0.1166356560897220E+002
 0515  0.8368422228947056E+001
 0516  0.7056435263063439E+001
 0517  0.5977399647856718E+001
 0518  0.4904748603637648E+001
 0519  0.3931144671639780E+001
 0520  0.3725175481812447E+001
 0521  0.3520424995886296E+001
 0522  0.3316886002883620E+001
 0523  0.3162038141279203E+001
 0524  0.3109961621231979E+001
 0525  0.3058193233960278E+001
 0526  0.3006731156266123E+001
 0527  0.2962786269443687E+001
 0528  0.2930563159679100E+001
 0529  0.2898530711583897E+001
 0530  0.2866717695675757E+001
 0531  0.2839101505485314E+001
 0532  0.2811648718174428E+001
 0533  0.2784358366900800E+001
 0534  0.2759286827593482E+001
 0535  0.2735612748559431E+001
 0536  0.2712078747235533E+001
 0537  0.2688683994792745E+001
 0538  0.2664856206192915E+001
 0539  0.2639476846610927E+001
 0540  0.2614247654753317E+001
 0541  0.2589167742089205E+001
 0542  0.2564236225345013E+001
 0543  0.2537021526610851E+001
 0544  0.2509226869650903E+001
 0545  0.2481596671544690E+001
 0546  0.2455243457405131E+001
 0547  0.2431976379263774E+001
 0548  0.2408846970639506E+001
 0549  0.2385854416952342E+001
 0550  0.2364881431472498E+001
 0551  0.2344800162954043E+001
 0552  0.2324837713761457E+001
 0553  0.2304993380849880E+001
 0554  0.2285095172229823E+001
 0555  0.2263710535511307E+001
 0556  0.2242452430048326E+001
 0557  0.2221320107165149E+001
 0558  0.2200312822615918E+001
 0559  0.2179579302726866E+001
 0560  0.2159241947297275E+001
 0561  0.2139024926440150E+001
 0562  0.2118927528145058E+001
 0563  0.2098949044614476E+001
 0564  0.2079290329240711E+001
 0565  0.2059968519513387E+001
 0566  0.2040761035452478E+001
 0567  0.2021667200601817E+001
 0568  0.2002686342507718E+001
 0569  0.1983868841710370E+001
 0570  0.1965223544611839E+001
 0571  0.1946688570306410E+001
 0572  0.1928263266022546E+001
 0573  0.1909946982851168E+001
 0574  0.1891858408278525E+001
 0575  0.1874326594450928E+001
 0576  0.1856898515021311E+001
 0577  0.1839573556201173E+001
 0578  0.1822351107833783E+001
 0579  0.1805230563372641E+001
 0580  0.1788426403452549E+001
 0581  0.1771735279164770E+001
 0582  0.1755142914979423E+001
 0583  0.1738648726540533E+001
 0584  0.1722252132949755E+001
 0585  0.1706512487840878E+001
 0586  0.1690929675486468E+001
 0587  0.1675439065437757E+001
 0588  0.1660040112140777E+001
 0589  0.1644732273269562E+001
 0590  0.1629740086120920E+001
 0591  0.1614933127770754E+001
 0592  0.1600213781057648E+001
 0593  0.1585581527590274E+001
 0594  0.1571035852044560E+001
 0595  0.1556682393074705E+001
 0596  0.1542623552855126E+001
 0597  0.1528647897715002E+001
 0598  0.1514754935454594E+001
 0599  0.1500944176786472E+001
 0600  0.1487215135318279E+001
 0601  0.1473811570471813E+001
 0602  0.1460550014770208E+001
 0603  0.1447366926676694E+001
 0604  0.1434261841904469E+001
 0605  0.1421234298913850E+001
 0606  0.1408303711835405E+001
 0607  0.1395726917690880E+001
 0608  0.1383224539472820E+001
 0609  0.1370796136867920E+001
 0610  0.1358441272168123E+001
 0611  0.1346159510255310E+001
 0612  0.1333989676648461E+001
 0613  0.1322139417881145E+001
 0614  0.1310359276186203E+001
 0615  0.1298648836686291E+001
 0616  0.1287007686958868E+001
 0617  0.1275435417021653E+001
 0618  0.1263931619318206E+001
 0619  0.1252767856027297E+001
 0620  0.1241672882569243E+001
 0621  0.1230643557218309E+001
 0622  0.1219679491539672E+001
 0623  0.1208780299396854E+001
 0624  0.1197945596938135E+001
 0625  0.1185490174213277E+001
 0626  0.1172038022738829E+001
 0627  0.1158665466613059E+001
 0628  0.1145372034876400E+001
 0629  0.1133306256868450E+001
 0630  0.1123219508269957E+001
 0631  0.1113192442189393E+001
 0632  0.1103224705489894E+001
 0633  0.1093354248211994E+001
 0634  0.1083801175731024E+001
 0635  0.1074304628047334E+001
 0636  0.1064864270708028E+001
 0637  0.1055479771239142E+001
 0638  0.1046138378674306E+001
 0639  0.1036847482512709E+001
 0640  0.1027611559871200E+001
 0641  0.1018430285475685E+001
 0642  0.1009280708845464E+001
 0643  0.1000093018521460E+001
 0644  0.9909596910565293E+000
 0645  0.9818804047898043E+000
 0646  0.9728548399636596E+000
 0647  0.9640812492638856E+000
 0648  0.9554709671038845E+000
 0649  0.9469116313231193E+000
 0650  0.9384029404757914E+000
 0651  0.9299685533710341E+000
 0652  0.9218919608627616E+000
 0653  0.9138631569329886E+000
 0654  0.9058818588203582E+000
 0655  0.8979477854366195E+000
 0656  0.8900565632500256E+000
 0657  0.8822032589863870E+000
 0658  0.8743964221218423E+000
 0659  0.8666357777123315E+000
 0660  0.8589210524406560E+000
 0661  0.8508658605857834E+000
 0662  0.8423374588549607E+000
 0663  0.8338595190231585E+000
 0664  0.8254317425112049E+000
 0665  0.8175141685016067E+000
 0666  0.8102282378344466E+000
 0667  0.8029854174603195E+000
 0668  0.7957854522989080E+000
 0669  0.7887373768124643E+000
 0670  0.7818642286496257E+000
 0671  0.7750317483773920E+000
 0672  0.7682396953669713E+000
 0673  0.7615055415998340E+000
 0674  0.7548592179927672E+000
 0675  0.7482522201727946E+000
 0676  0.7416843154522580E+000
 0677  0.7351724167856181E+000
 0678  0.7288995254861568E+000
 0679  0.7226637504034564E+000
 0680  0.7164648719237255E+000
 0681  0.7103026717325899E+000
 0682  0.7041993265496911E+000
 0683  0.6981402861847378E+000
 0684  0.6921170966969766E+000
 0685  0.6861295459595178E+000
 0686  0.6801926575674314E+000
 0687  0.6743320715663522E+000
 0688  0.6685061622032111E+000
 0689  0.6627147242990030E+000
 0690  0.6569575538887436E+000
 0691  0.6513066344840345E+000
 0692  0.6457315208729357E+000
 0693  0.6401893947815386E+000
 0694  0.6346800610252088E+000
 0695  0.6292033255742290E+000
 0696  0.6240157026819068E+000
 0697  0.6188655068019976E+000
 0698  0.6137457842361582E+000
 0699  0.6086563546761263E+000
 0700  0.6035954230958630E+000
 0701  0.5985533810306616E+000
 0702  0.5935411723417086E+000
 0703  0.5885586205071982E+000
 0704  0.5836055500497924E+000
 0705  0.5786932913689485E+000
 0706  0.5738827071811183E+000
 0707  0.5691005868510192E+000
 0708  0.5643467619601881E+000
 0709  0.5596210650866764E+000
 0710  0.5549233297991688E+000
 0711  0.5503335700350775E+000
 0712  0.5457715041670179E+000
 0713  0.5412364316928511E+000
 0714  0.5367281928947266E+000
 0715  0.5322466289998500E+000
 0716  0.5278051443723689E+000
 0717  0.5233960630619557E+000
 0718  0.5190130699475389E+000
 0719  0.5146560106672596E+000
 0720  0.5103247317726158E+000
 0721  0.5060312634050496E+000
 0722  0.5018432293351412E+000
 0723  0.4976799755416680E+000
 0724  0.4935413554016114E+000
 0725  0.4894272231595604E+000
 0726  0.4853374339224795E+000
 0727  0.4813962358062059E+000
 0728  0.4775801276737521E+000
 0729  0.4737865991604751E+000
 0730  0.4700155166644912E+000
 0731  0.4662667473744503E+000
 0732  0.4625401592648185E+000
 0733  0.4588158418666886E+000
 0734  0.4551047376463218E+000
 0735  0.4514155917450265E+000
 0736  0.4477482742371239E+000
 0737  0.4441026559656817E+000
 0738  0.4404786085379843E+000
 0739  0.4366581583683508E+000
 0740  0.4327280139655497E+000
 0741  0.4288211239257957E+000
 0742  0.4249373506547995E+000
 0743  0.4210765573724159E+000
 0744  0.4174216711370097E+000
 0745  0.4140401355910935E+000
 0746  0.4106786083316791E+000
 0747  0.4073369709712778E+000
 0748  0.4040151058228784E+000
 0749  0.4007439314571278E+000
 0750  0.3976190048046595E+000
 0751  0.3945125681035448E+000
 0752  0.3914245119501727E+000
 0753  0.3883547275882466E+000
 0754  0.3853031069049766E+000
 0755  0.3822876962163836E+000
 0756  0.3792967867020694E+000
 0757  0.3763235741699931E+000
 0758  0.3733679539084575E+000
 0759  0.3704298218253525E+000
 0760  0.3675090744444671E+000
 0761  0.3646066877492601E+000
 0762  0.3617215984689112E+000
 0763  0.3588535800405888E+000
 0764  0.3560025314573740E+000
 0765  0.3531683523099874E+000
 0766  0.3503509427832679E+000
 0767  0.3475864093205238E+000
 0768  0.3448444732395952E+000
 0769  0.3421187609841880E+000
 0770  0.3394091765591701E+000
 0771  0.3367156245374058E+000
 0772  0.3340380100563913E+000
 0773  0.3313992655672831E+000
 0774  0.3287924953809525E+000
 0775  0.3262011492539089E+000
 0776  0.3236251359231795E+000
 0777  0.3210643646657804E+000
 0778  0.3185187452955331E+000
 0779  0.3159623760446472E+000
 0780  0.3130939553615434E+000
 0781  0.3102425069036556E+000
 0782  0.3074079302476184E+000
 0783  0.3045901255642801E+000
 0784  0.3017889936151645E+000
 0785  0.2998313802290024E+000
 0786  0.2979291339929090E+000
 0787  0.2960381432019135E+000
 0788  0.2941583412584236E+000
 0789  0.2922896619588723E+000
 0790  0.2904320394914330E+000
 0791  0.2885854084336745E+000
 0792  0.2867497037502766E+000
 0793  0.2847609671163757E+000
 0794  0.2822773544695665E+000
 0795  0.2798084371683324E+000
 0796  0.2773541282614329E+000
 0797  0.2749143413121257E+000
 0798  0.2724889903950949E+000
 0799  0.2700779900934542E+000
 0800  0.2676812554956995E+000
 0801  0.2655591363623641E+000
 0802  0.2634852949079057E+000
 0803  0.2614237242142975E+000
 0804  0.2593743516763863E+000
 0805  0.2573371051186163E+000
 0806  0.2553119127925073E+000
 0807  0.2532987033740881E+000
 0808  0.2513038389635259E+000
 0809  0.2493504780868685E+000
 0810  0.2474086750967216E+000
 0811  0.2454783616059532E+000
 0812  0.2435594696320861E+000
 0813  0.2416519315948780E+000
 0814  0.2397556803139509E+000
 0815  0.2378706490064345E+000
 0816  0.2360006717530002E+000
 0817  0.2341741410612678E+000
 0818  0.2323584178115677E+000
 0819  0.2305534380570993E+000
 0820  0.2287591382294172E+000
 0821  0.2269754551362144E+000
 0822  0.2252023259590903E+000
 0823  0.2234396882513329E+000
 0824  0.2216874799357183E+000
 0825  0.2198019493131307E+000
 0826  0.2178437189733313E+000
 0827  0.2158970753322800E+000
 0828  0.2139619498323763E+000
 0829  0.2120382743216500E+000
 0830  0.2101259810514052E+000
 0831  0.2082250026737960E+000
 0832  0.2065648647449951E+000
 0833  0.2049518745171005E+000
 0834  0.2033484282286909E+000
 0835  0.2017544694090054E+000
 0836  0.2001699419214210E+000
 0837  0.1985947899614656E+000
 0838  0.1970104673632451E+000
 0839  0.1951400175568220E+000
 0840  0.1932806350584712E+000
 0841  0.1914322543837706E+000
 0842  0.1895948104357781E+000
 0843  0.1879676974894130E+000
 0844  0.1868605532221348E+000
 0845  0.1857599598425816E+000
 0846  0.1846658785896501E+000
 0847  0.1835782709315978E+000
 0848  0.1824970985646494E+000
 0849  0.1814223234116881E+000
 0850  0.1803539076208802E+000
 0851  0.1792918135643775E+000
 0852  0.1782360038369533E+000
 0853  0.1770026303975233E+000
 0854  0.1753427708376496E+000
 0855  0.1736927325395015E+000
 0856  0.1720524573914252E+000
 0857  0.1704218876256210E+000
 0858  0.1688009658160729E+000
 0859  0.1671896348765656E+000
 0860  0.1656853334486829E+000
 0861  0.1644201513658961E+000
 0862  0.1631624552684683E+000
 0863  0.1619122008624025E+000
 0864  0.1606693441157814E+000
 0865  0.1594338412572198E+000
 0866  0.1582056487743267E+000
 0867  0.1569847234121663E+000
 0868  0.1557905673520671E+000
 0869  0.1546036083797616E+000
 0870  0.1534236725526682E+000
 0871  0.1522507183153768E+000
 0872  0.1510847043583615E+000
 0873  0.1499255896165124E+000
 0874  0.1487733332676955E+000
 0875  0.1475719254520752E+000
 0876  0.1462778895660814E+000
 0877  0.1449915103911955E+000
 0878  0.1437127426232383E+000
 0879  0.1424415412260923E+000
 0880  0.1411778614301322E+000
 0881  0.1400384586424499E+000
 0882  0.1391798274435688E+000
 0883  0.1383262766996466E+000
 0884  0.1374777763500203E+000
 0885  0.1366342965118928E+000
 0886  0.1357958074792857E+000
 0887  0.1349622797219815E+000
 0888  0.1341336838844955E+000
 0889  0.1333099907850390E+000
 0890  0.1324911714144835E+000
 0891  0.1316771969353533E+000
 0892  0.1305819982378734E+000
 0893  0.1294833744670621E+000
 0894  0.1283912511688525E+000
 0895  0.1273055898804467E+000
 0896  0.1262263523666327E+000
 0897  0.1251535006184225E+000
 0898  0.1240869968517348E+000
 0899  0.1230268035060433E+000
 0900  0.1219900601711142E+000
 0901  0.1210733598282597E+000
 0902  0.1201620835310354E+000
 0903  0.1192561991857748E+000
 0904  0.1183556748887172E+000
 0905  0.1174604789248678E+000
 0906  0.1165705797668832E+000
 0907  0.1156859460739784E+000
 0908  0.1148065466907911E+000
 0909  0.1139323506463102E+000
 0910  0.1129706864277092E+000
 0911  0.1119924643980917E+000
 0912  0.1110200304332148E+000
 0913  0.1100533502855336E+000
 0914  0.1090923899101528E+000
 0915  0.1081371154636186E+000
 0916  0.1071874933027287E+000
 0917  0.1062613281365852E+000
 0918  0.1053811125876650E+000
 0919  0.1045061052066463E+000
 0920  0.1036362751771995E+000
 0921  0.1027715918653354E+000
 0922  0.1019120248183119E+000
 0923  0.1010575437635870E+000
 0924  0.1002710264958662E+000
 0925  0.9949715014549153E-001
 0926  0.9872785276213378E-001
 0927  0.9796310725240008E-001
 0928  0.9720288668319725E-001
 0929  0.9644716428080913E-001
 0930  0.9576641982648995E-001
 0931  0.9517595923422856E-001
 0932  0.9458899235201033E-001
 0933  0.9400549850782494E-001
 0934  0.9342545715196655E-001
 0935  0.9284884785632744E-001
 0936  0.9227565031367503E-001
 0937  0.9170584433692239E-001
 0938  0.9113940985844150E-001
 0939  0.9057632692933046E-001
 0940  0.9001657571872668E-001
 0941  0.8934436099096041E-001
 0942  0.8835976428488970E-001
 0943  0.8738099336201911E-001
 0944  0.8640801375163759E-001
 0945  0.8544079118700164E-001
 0946  0.8447929160411287E-001
 0947  0.8364440724871247E-001
 0948  0.8300677914615680E-001
 0949  0.8237292384018226E-001
 0950  0.8174281900744874E-001
 0951  0.8111644245668989E-001
 0952  0.8049377212794769E-001
 0953  0.7987643454652317E-001
 0954  0.7926676235678974E-001
 0955  0.7866069755064783E-001
 0956  0.7805821878349005E-001
 0957  0.7745930483698832E-001
 0958  0.7686393461838617E-001
 0959  0.7627208715970912E-001
 0960  0.7569447993865223E-001
 0961  0.7512065496397885E-001
 0962  0.7455022526767630E-001
 0963  0.7398317076014500E-001
 0964  0.7341947147064833E-001
 0965  0.7285910754661809E-001
 0966  0.7229957532347378E-001
 0967  0.7173666017626044E-001
 0968  0.7117707575480621E-001
 0969  0.7062080235146130E-001
 0970  0.7006782037518162E-001
 0971  0.6951811035085381E-001
 0972  0.6897165291858155E-001
 0973  0.6843719289845523E-001
 0974  0.6791275289268292E-001
 0975  0.6739141595820958E-001
 0976  0.6687316373439368E-001
 0977  0.6635797796924159E-001
 0978  0.6584584051875582E-001
 0979  0.6533673334629099E-001
 0980  0.6483147634346505E-001
 0981  0.6433029636296937E-001
 0982  0.6383208182599205E-001
 0983  0.6333681518621651E-001
 0984  0.6284447900116877E-001
 0985  0.6235505593157203E-001
 0986  0.6186852874074997E-001
 0987  0.6138488029400383E-001
 0988  0.6090829938100581E-001
 0989  0.6043456408395498E-001
 0990  0.5996363184232759E-001
 0991  0.5949548607065855E-001
 0992  0.5903011028162058E-001
 0993  0.5856748808544022E-001
 0994  0.5810760318931382E-001
 0995  0.5765124900475108E-001
 0996  0.5720063943200272E-001
 0997  0.5675269608153946E-001
 0998  0.5630740317752935E-001
 0999  0.5586474503748601E-001
 1000  0.5542470607170802E-001
 1001  0.5498727078274787E-001
 1002  0.5455242376484395E-001
 1003  0.5412060086220270E-001
 1004  0.5370022421614187E-001
 1005  0.5328233490645855E-001
 1006  0.5286691821577296E-001
 1007  0.5245395951378994E-001
 1008  0.5204344425677942E-001
 1009  0.5163535798706053E-001
 1010  0.5122968633250725E-001
 1011  0.5082641500602528E-001
 1012  0.5042290336912888E-001
 1013  0.5001347177011169E-001
 1014  0.4960646274646688E-001
 1015  0.4920186196400218E-001
 1016  0.4879965517334019E-001
 1017  0.4839982820941794E-001
 1018  0.4800236699097537E-001
 1019  0.4760725752008826E-001
 1020  0.4721448588163447E-001
 1021  0.4683051454707131E-001
 1022  0.4645722808862317E-001
 1023  0.4608615033752334E-001
 1024  0.4571726822501822E-001
 1025  0.4535056875968518E-001
 1026  0.4498603902696908E-001
 1027  0.4462366618872594E-001
 1028  0.4426343748277735E-001
 1029  0.4390534022245771E-001
 1030  0.4354936179616862E-001
 1031  0.4314648078326409E-001
 1032  0.4273963232705871E-001
 1033  0.4233519116197502E-001
 1034  0.4193314304424949E-001
 1035  0.4153347381440174E-001
 1036  0.4113616939673976E-001
 1037  0.4074121579884450E-001
 1038  0.4037099027354008E-001
 1039  0.4004076942146389E-001
 1040  0.3971250246085106E-001
 1041  0.3938617783066888E-001
 1042  0.3906178403829287E-001
 1043  0.3873930965911598E-001
 1044  0.3841874333610559E-001
 1045  0.3810007377944769E-001
 1046  0.3778281561581039E-001
 1047  0.3746631221753790E-001
 1048  0.3715168154560289E-001
 1049  0.3683891251922479E-001
 1050  0.3652799412319038E-001
 1051  0.3621891540746109E-001
 1052  0.3591166548679088E-001
 1053  0.3560623354033352E-001
 1054  0.3530260881128849E-001
 1055  0.3499549177262846E-001
 1056  0.3468971010596186E-001
 1057  0.3438573772596285E-001
 1058  0.3408356392722946E-001
 1059  0.3378317806768676E-001
 1060  0.3348456956824374E-001
 1061  0.3318772791238969E-001
 1062  0.3289264264585105E-001
 1063  0.3260693996855016E-001
 1064  0.3232837893743468E-001
 1065  0.3205146613058001E-001
 1066  0.3177619179556228E-001
 1067  0.3150254623768063E-001
 1068  0.3123051981958164E-001
 1069  0.3096010296093511E-001
 1070  0.3069128613809954E-001
 1071  0.3042405988379449E-001
 1072  0.3014062457760178E-001
 1073  0.2983606395198745E-001
 1074  0.2953330538823598E-001
 1075  0.2923233822368469E-001
 1076  0.2893315185877560E-001
 1077  0.2863573575663824E-001
 1078  0.2834007944277072E-001
 1079  0.2804881546245733E-001
 1080  0.2781431067951027E-001
 1081  0.2758119344338341E-001
 1082  0.2734945554406729E-001
 1083  0.2711908882012354E-001
 1084  0.2689008515842582E-001
 1085  0.2666243649382803E-001
 1086  0.2643613480892102E-001
 1087  0.2621117213373242E-001
 1088  0.2598575003937813E-001
 1089  0.2571308748035010E-001
 1090  0.2544203824477266E-001
 1091  0.2517259278673472E-001
 1092  0.2490474161681311E-001
 1093  0.2463847530171994E-001
 1094  0.2437378446399258E-001
 1095  0.2411065978165648E-001
 1096  0.2387061179825476E-001
 1097  0.2363854890768879E-001
 1098  0.2340785911545439E-001
 1099  0.2317853429702939E-001
 1100  0.2295056637596448E-001
 1101  0.2272394732360991E-001
 1102  0.2249866915880424E-001
 1103  0.2225942524152851E-001
 1104  0.2201071991859076E-001
 1105  0.2176348616597762E-001
 1106  0.2151771527652073E-001
 1107  0.2127339859456266E-001
 1108  0.2103052751568259E-001
 1109  0.2081712009481512E-001
 1110  0.2061014413960951E-001
 1111  0.2040439284526170E-001
 1112  0.2019985896554286E-001
 1113  0.1999653529710332E-001
 1114  0.1979441467921603E-001
 1115  0.1959430538166401E-001
 1116  0.1939546881135208E-001
 1117  0.1919780874177866E-001
 1118  0.1900131821167769E-001
 1119  0.1880599030097311E-001
 1120  0.1861181813054013E-001
 1121  0.1842123414583772E-001
 1122  0.1823262285877437E-001
 1123  0.1804512757023220E-001
 1124  0.1785874167693476E-001
 1125  0.1767345861466880E-001
 1126  0.1748927185807889E-001
 1127  0.1730511518677135E-001
 1128  0.1711679248886586E-001
 1129  0.1692958408191726E-001
 1130  0.1674348337275814E-001
 1131  0.1655848380722141E-001
 1132  0.1637457886993106E-001
 1133  0.1619176208404582E-001
 1134  0.1601637428450997E-001
 1135  0.1584469115277298E-001
 1136  0.1567402385696575E-001
 1137  0.1550436638645816E-001
 1138  0.1533571276619490E-001
 1139  0.1516805705646461E-001
 1140  0.1500139335271719E-001
 1141  0.1483145013831280E-001
 1142  0.1465914214521405E-001
 1143  0.1448785368530179E-001
 1144  0.1431757872606774E-001
 1145  0.1414831127071292E-001
 1146  0.1398004535790955E-001
 1147  0.1381277506160982E-001
 1148  0.1365181703820421E-001
 1149  0.1349580213079109E-001
 1150  0.1334071035162153E-001
 1151  0.1318653623861345E-001
 1152  0.1303327436201179E-001
 1153  0.1288091932417952E-001
 1154  0.1272946575942037E-001
 1155  0.1257890833379205E-001
 1156  0.1240742265582058E-001
 1157  0.1222915550886440E-001
 1158  0.1205194315494793E-001
 1159  0.1187577935293936E-001
 1160  0.1170065789863879E-001
 1161  0.1152657262455056E-001
 1162  0.1138333588309698E-001
 1163  0.1124770787576801E-001
 1164  0.1111288236896066E-001
 1165  0.1097885461433588E-001
 1166  0.1084561989165463E-001
 1167  0.1071317350861332E-001
 1168  0.1058151080066145E-001
 1169  0.1043386981585606E-001
 1170  0.1027402010501792E-001
 1171  0.1011511621266263E-001
 1172  0.9957152542453298E-002
 1173  0.9800123531165239E-002
 1174  0.9644023648494876E-002
 1175  0.9500941114382632E-002
 1176  0.9362413477422494E-002
 1177  0.9224705497867944E-002
 1178  0.9087812325864723E-002
 1179  0.8951729140264677E-002
 1180  0.8814326952353907E-002
 1181  0.8666589046018953E-002
 1182  0.8519725293546120E-002
 1183  0.8373730522631500E-002
 1184  0.8228599591587175E-002
 1185  0.8115520777416911E-002
 1186  0.8021212346139660E-002
 1187  0.7927461930618787E-002
 1188  0.7834266229116149E-002
 1189  0.7741621959432382E-002
 1190  0.7649525858790093E-002
 1191  0.7557974683709915E-002
 1192  0.7466965209915162E-002
 1193  0.7376494232195957E-002
 1194  0.7270391402085510E-002
 1195  0.7098322730196701E-002
 1196  0.6927272175441839E-002
 1197  0.6757233713705452E-002
 1198  0.6588201356499697E-002
 1199  0.6424542693872136E-002
 1200  0.6309979596598031E-002
 1201  0.6196094360383956E-002
 1202  0.6082882974384575E-002
 1203  0.5970341451472397E-002
 1204  0.5858465828118210E-002
 1205  0.5747375724517889E-002
 1206  0.5636957481403255E-002
 1207  0.5527192574564885E-002
 1208  0.5418077138263535E-002
 1209  0.5309607329628131E-002
 1210  0.5190729939059270E-002
 1211  0.5064527108336727E-002
 1212  0.4939071010089689E-002
 1213  0.4814357225953587E-002
 1214  0.4700216654802756E-002
 1215  0.4593370769957607E-002
 1216  0.4487157084019078E-002
 1217  0.4381571856314669E-002
 1218  0.4283363631720044E-002
 1219  0.4187373166592344E-002
 1220  0.4091950669689897E-002
 1221  0.3997092780381478E-002
 1222  0.3899593684665576E-002
 1223  0.3797248086922996E-002
 1224  0.3695508060231168E-002
 1225  0.3594370021476257E-002
 1226  0.3493478354444841E-002
 1227  0.3391980603102013E-002
 1228  0.3291083406171671E-002
 1229  0.3190783210213714E-002
 1230  0.3090814172753492E-002
 1231  0.2990916331532382E-002
 1232  0.2891609578178936E-002
 1233  0.2792890415266177E-002
 1234  0.2696579363834071E-002
 1235  0.2601152364100838E-002
 1236  0.2506289998607357E-002
 1237  0.2412011314422982E-002
 1238  0.2318309808022577E-002
 1239  0.2225162726247049E-002
 1240  0.2134616359108946E-002
 1241  0.2046828580863178E-002
 1242  0.1959560236166146E-002
 1243  0.1872581910543806E-002
 1244  0.1785494266468115E-002
 1245  0.1698921913299445E-002
 1246  0.1612861802107107E-002
 1247  0.1504960620982207E-002
 1248  0.1397467444002493E-002
 1249  0.1305884195565144E-002
 1250  0.1218805063014470E-002
 1251  0.1129805347460998E-002
 1252  0.1040742064665161E-002
 1253  0.9563588561364084E-003
 1254  0.8743245237587080E-003
 1255  0.7958145620115996E-003
 1256  0.7043173486465844E-003
 1257  0.6142790175778039E-003
 1258  0.5333033289032677E-003
 1259  0.4539227007796217E-003
 1260  0.3811420883947938E-003
 1261  0.3004543755800775E-003
 1262  0.2263495467865471E-003
 1263  0.1572462476989240E-003
 1264  0.6210863113225980E-004
 1265  0.0000000000000000E+000
