0.0
0.00020462796649511645
0.00041412075137782554
0.0006285940106767221
0.0008481661500229317
0.0010729583900190688
0.001303094833162274
0.0015387025323582776
0.0017799115610643138
0.0020268550850996115
0.002279669436163103
0.002538494187098942
0.002803472228951381
0.003074749849851549
0.00335247681577968
0.0036368064532473817
0.003927895733945587
0.004225905361404925
0.0045309998597163545
0.004843347664361032
0.005163121215199576
0.005490497051672044
0.005825655910261202
0.006168782824272873
0.006520067225988463
0.006879703051246061
0.007247888846507842
0.00762482787847289
0.00801072824629595
0.00840580299647407
0.008810270240464544
0.009224353275099113
0.009648280705860877
0.010082286573091997
0.010526610481201853
0.010981497730946985
0.011447199454855865
0.01192397275587324
0.012412080849300617
0.012911793208111214
0.013423385711719648
0.013947140798288455
0.014483347620655534
0.015032302205968625
0.015594307619114909
0.016169674130035998
0.01675871938502065
0.017361768582069798
0.017979154650430706
0.018611218434399356
0.019258308881492547
0.0199207832350936
0.020599007231678
0.021293355302727898
0.022004210781446893
0.02273196611438926
0.023477023078120454
0.024239793001028468
0.025020696990408545
0.02582016616494659
0.026638641892729638
0.027476576034914768
0.028334431195190996
0.02921268097517187
0.03011181023585976
0.03103231536532618
0.03197470455275595
0.032939498069006465
0.033927228553836966
0.03493844130996641
0.03597369460412223
0.03703355997524626
0.03811862255002788
0.039229481365938706
0.04036674970194703
0.04153105541709469
0.04272304129712325
0.04394336540934088
0.04519270146592575
0.0464717391958667
0.04778118472574633
0.049121760969576836
0.05049420802790382
0.051899283596398324
0.053337763384162795
0.054810441541981746
0.05631813110075373
0.05786166442034651
0.059441893649123306
0.061059691194393875
0.06271595020404996
0.06441158505965125
0.06614753188123383
0.06792474904412003
0.06974421770801482
0.07160694235868098
0.07351395136249199
0.07546629753416888
0.07746505871801443
0.0795113383829656
0.08155761804791678
0.08359935329784113
0.08563655422505805
0.08766923089947372
0.08969739336863089
0.09172105165775855
0.09374021576982147
0.09575489568556966
0.09776510136358771
0.09977084274034398
0.10177212973023976
0.10376897222565826
0.10576138009701348
0.10774936319279907
0.10973293133963691
0.11171209434232579
0.11368686198388979
0.1156572440256267
0.11762325020715622
0.11958489024646814
0.12154217383997035
0.1234951106625368
0.12544371036755528
0.12738798258697517
0.12932793693135508
0.13126358298991025
0.13319493033056007
0.13512198849997528
0.13704476702362522
0.13896327540582493
0.14087752312978202
0.1427875196576437
0.1446932744305434
0.14659479686864751
0.14849209637120206
0.1503851823165789
0.15227406406232236
0.15415875094519527
0.15603925228122525
0.15791557736575074
0.15978773547346686
0.16165573585847137
0.16351958775431033
0.1653793003740238
0.1672348829101913
0.16908634453497742
0.17093369440017692
0.17277694163726012
0.17461609535741804
0.17645116465160737
0.17828215859059546
0.1801090862250051
0.18193195658535935
0.18375077868212605
0.18556556150576248
0.18737631402675972
0.18918304519568707
0.1909857639432362
0.19278447918026528
0.19457919979784324
0.19636993466729344
0.19815669264023766
0.19993948254863986
0.20171831320484981
0.20349319340164668
0.2052641319122824
0.20703113749052518
0.20879421887070268
0.21055338476774518
0.21230864387722873
0.21406000487541804
0.21580747641930945
0.21755106714667366
0.21929078567609847
0.22102664060703137
0.22275864051982203
0.22448679397576468
0.22621110951714057
0.22793159566726
0.2296482609305046
0.23136111379236932
0.23307016271950434
0.23477541615975694
0.23647688254221333
0.23817457027724018
0.2398684877565263
0.2415586433531241
0.24324504542149095
0.24492770229753047
0.24660662229863375
0.24828181372372052
0.24995328485328006
0.2516210439494122
0.25328509925586823
0.2549454589980914
0.25660213138325794
0.2582551246003173
0.2599044468200328
0.26155010619502195
0.2631921108597968
0.26483046893080425
0.26646518850646583
0.2680962776672181
0.2697237444755524
0.27134759697605476
0.27296784319544554
0.27458449114261935
0.27619754880868447
0.2778070241670023
0.279412925173227
0.2810152597653445
0.2826140358637121
0.2842092613710972
0.2858009441727168
0.2873890921362761
0.2889737131120077
0.2905548149327101
0.2921324054137868
0.29370649235328455
0.29527708353193205
0.2968441867131784
0.29840780964323166
0.2999679600510968
0.3015246456486142
0.30307787413049747
0.30462765317437185
0.30617399044081184
0.3077168935733793
0.309256370198661
0.31079242792630657
0.312325074349066
0.313854317042827
0.31538016356665277
0.31690262146281917
0.318421698256852
0.3199374014575643
0.32144973855709325
0.32295871703093754
0.3244643443379941
0.3259666279205949
0.3274655752045439
0.32896119359915377
0.33045349049728234
0.33194247327536935
0.3334281492934727
0.334910525895305
0.3363896104082698
0.33786541014349786
0.3393379323958831
0.340807184444119
0.3422731735507343
0.34373590696212897
0.34519539190861004
0.3466516356044274
0.3481046452478093
0.3495544280209982
0.3510009910902859
0.3524443416060493
0.35388448670278566
0.35532143349914763
0.3567551890979788
0.3581857605863486
0.35961315503558733
0.36103737950132114
0.36245844102350694
0.36387634662646723
0.36529110331892467
0.3667027180940369
0.3681111979294309
0.36951654978723786
0.3709187806141271
0.37231789734134074
0.3737139068847279
0.3751068161447788
0.37649663200665895
0.3778833613402432
0.3792670110001496
0.38064758782577335
0.3820250986413206
0.3833995502558422
0.38477094946326734
0.3861393030424371
0.387504617757138
0.3888669003561354
0.39022615757320694
0.39158239612717566
0.39293562272194343
0.3942858440465239
0.39563306677507565
0.39697729756693517
0.3983185430666498
0.39965680990401053
0.4009921046940848
0.40232443403724916
0.4036538045192219
0.40498022271109574
0.4063036951693701
0.40762422843598356
0.4089418290383464
0.41025650348937265
0.41156825828751226
0.41287709991678334
0.41418303484680424
0.4154860695328254
0.4167862104157614
0.4180834639222226
0.4193778364645471
0.42066933444083243
0.42195796423496695
0.42324373221666167
0.4245266447414816
0.4258067081508772
0.4270839287722157
0.42835831291881243
0.4296298668899621
0.43089859697096955
0.4321645094331814
0.43342761053401657
0.43468790651699746
0.4359454036117807
0.437200108034188
0.43845202598623695
0.4397011636561714
0.4409475272184924
0.4421911228339885
0.4434319566497662
0.4446700347992805
0.4459053634023651
0.44713794856526257
0.44836779638065466
0.44959491292769244
0.45081930427202627
0.45204097646583574
0.4532599355478597
0.4544761875434261
0.45568973846448163
0.45690059430962165
0.45810876106411963
0.4593142446999569
0.4605170511758521
0.46171718643729065
0.4629146564165541
0.46410946703274947
0.4653016241918385
0.46649113378666696
0.4676780016969936
0.4688622337895193
0.47004383591791615
0.47122281392285614
0.47239917363204037
0.4735729208602275
0.4747440614092628
0.4759126010681066
0.47707854561286317
0.4782419008068089
0.47940267240042106
0.4805608661314062
0.4817164877247284
0.4828695428926377
0.48402003733469834
0.48516797673781664
0.4863133667762695
0.4874562131117323
0.4885965213933068
0.4897342972575491
0.49086954632849755
0.49200227421770065
0.4931324865242446
0.49426018883478096
0.4953853867235545
0.4965080857524305
0.49762829147092236
0.4987460094162191
0.49986124511321256
0.5009740040745249
0.5020842918005355
0.5031921137794088
0.5042974754871207
0.505400382387486
0.5065008399321854
0.5075988535607926
0.5086944287008007
0.5097875707676496
0.5108782851647521
0.5119665772835214
0.5130524525033971
0.5141359161918723
0.5152169737045195
0.5162956303850178
0.5173718915651788
0.5184457625649731
0.5195172486925567
0.520586355244297
0.5216530875047993
0.5227174507469328
0.5237794502318562
0.5248390912090447
0.525896378916315
0.5269513185798517
0.5280039154142327
0.5290541746224559
0.5301021013959636
0.5311477009146693
0.5321909783469828
0.5332319388498356
0.5342705875687066
0.5353069296376478
0.5363409701793092
0.5373727143049642
0.5384021671145355
0.5394293336966192
0.5404542191285108
0.5414768284762301
0.5424971667945463
0.5435152391270025
0.5445310505059413
0.5455446059525294
0.5465559104767822
0.547564969077589
0.5485717867427373
0.5495763684489376
0.5505787191618483
0.5515788438360997
0.5525767474153188
0.5535724348321539
0.5545659110082987
0.5555571808545164
0.5565462492706649
0.5575331211457197
0.5585178013577995
0.5595002947741889
0.5604806062513636
0.5614587406350139
0.5624347027600685
0.5634084974507187
0.5643801295204424
0.5653496037720271
0.5663169249975948
0.5672820979786245
0.5682451274859768
0.5692060182799169
0.5701647751101384
0.5711214027157867
0.5720759058254823
0.5730282891573445
0.5739785574190143
0.5749267153076779
0.5758727675100902
0.5768167187025973
0.5777585735511602
0.5786983367113776
0.5796360128285089
0.5805716065374972
0.5815051224629924
0.5824365652193738
0.583365939410773
0.5842932496310966
0.5852185004640492
0.5861416964831555
0.5870628422517834
0.5879819423231665
0.5888990012404263
0.5898140235365948
0.5907270137346373
0.5916379763474742
0.5925469158780033
0.5934538368191228
0.5943587436537525
0.5952616408548568
0.5961625328854662
0.5970614241986998
0.5979583192377871
0.5988532224360898
0.5997461382171243
0.6006370709945829
0.6015260251723558
0.6024130051445531
0.6032980152955265
0.6041810599998907
0.6050621436225452
0.6059412705186958
0.6068184450338764
0.60769367150397
0.6085669542552306
0.609438297604304
0.61030770585825
0.6111751833145629
0.6120407342611932
0.6129043629765686
0.613766073729615
0.6146258707797781
0.615483758377044
0.6163397407619604
0.6171938221656573
0.6180460068098684
0.6188962989069516
0.61974470265991
0.6205912222624124
0.6214358618988143
0.6222786257441787
0.6231195179642963
0.6239585427157064
0.6247957041457174
0.6256310063924273
0.6264644535847442
0.6272960498424065
0.6281257992760035
0.6289537059869956
0.6297797740677347
0.630604007601484
0.6314264106624391
0.632246987315747
0.6330657416175269
0.6338826776148904
0.6346977993459607
0.6355111108398934
0.6363226161168961
0.6371323191882481
0.6379402240563203
0.6387463347145953
0.6395506551476867
0.6403531893313592
0.6411539412325479
0.6419529148093781
0.6427501140111848
0.6435455427785323
0.6443392050432335
0.6451311047283697
0.6459212457483093
0.6467096320087282
0.6474962674066281
0.6482811558303563
0.6490643011596247
0.649845707265529
0.6506253780105683
0.6514033172486633
0.652179528825176
0.6529540165769289
0.653726784332223
0.6544978359108578
0.6552671751241496
0.6560348057749503
0.6568007316576667
0.6575649565582786
0.658327484254358
0.6590883185150875
0.6598474631012791
0.6606049217653925
0.6613606982515543
0.6621147962955757
0.6628672196249715
0.6636179719589784
0.6643670570085732
0.6651144784764915
0.6658602400572456
0.6666043454371431
0.6673467982943048
0.6680876022986832
0.6688267611120807
0.6695642783881672
0.6703001577724985
0.6710344029025344
0.6717670174076564
0.6724980049091861
0.6732273690204025
0.6739551133465602
0.6746812414849074
0.6754057570247033
0.676128663547236
0.6768499646258402
0.6775696638259151
0.6782877647049415
0.6790042708124997
0.6797191856902872
0.680432512872136
0.6811442558840302
0.6818544182441229
0.6825630034627544
0.6832700150424693
0.6839754564780333
0.684679331256451
0.6853816428569831
0.6860823947511634
0.6867815904028161
0.6874792332680728
0.6881753267953898
0.6888698744255649
0.6895628795917546
0.6902543457194907
0.690944276226698
0.6916326745237102
0.6923195440132877
0.6930048880906337
0.6936887101434114
0.6943710135517606
0.6950518016883144
0.695731077918216
0.6964088455991351
0.6970851080812845
0.6977598687074372
0.6984331308129422
0.6991048977257412
0.6997751727663856
0.7004439592480518
0.7011112604765588
0.7017770797503838
0.7024414203606787
0.7031042855912861
0.7037656787187562
0.7044256030123622
0.7050840617341172
0.7057410581387896
0.7063965954739199
0.707050676979836
0.70770330588967
0.7083544854293736
0.7090042188177343
0.7096525092663913
0.7102993599798513
0.7109447741555043
0.7115887549836395
0.7122313056474612
0.7128724293231042
0.7135121291796498
0.7141504083791412
0.7147872700765996
0.7154227174200389
0.7160567535504825
0.7166893816019777
0.7173206047016117
0.7179504259695273
0.7185788485189377
0.7192058754561425
0.7198315098805423
0.7204557548846552
0.7210786135541307
0.721700088967766
0.7223201841975209
0.7229389023085326
0.7235562463591316
0.7241722194008562
0.7247868244784678
0.7254000646299658
0.726011942886603
0.7266224622729002
0.7272316258066612
0.7278394364989882
0.7284458973542958
0.7290510113703266
0.7296547815381658
0.7302572108422557
0.7308583022604109
0.731458058763833
0.7320564833171246
0.7326535788783048
0.7332493483988235
0.7338437948235758
0.7344369210909167
0.7350287301326759
0.7356192248741718
0.7362084082342263
0.7367962831251791
0.7373828524529021
0.737968119116814
0.7385520860098941
0.739134756018697
0.7397161320233671
0.7402962168976519
0.7408750135089175
0.7414525247181616
0.7420287533800285
0.7426037023428226
0.7431773744485228
0.7437497725327966
0.7443208994250139
0.7448907579482611
0.745459350919355
0.7460266811488568
0.746592751441086
0.7471575645941342
0.7477211233998787
0.7482834306439969
0.7488444891059797
0.749404301559145
0.7499628707706517
0.7505201995015136
0.7510762905066126
0.7516311465347126
0.7521847703284729
0.7527371646244618
0.7532883321531704
0.7538382756390256
0.7543869978004042
0.7549345013496456
0.7554807889930658
0.7560258634309706
0.7565697273576686
0.7571123834614852
0.7576538344247755
0.7581940829239374
0.758733131629425
0.7592709832057619
0.7598076403115542
0.7603431055995039
0.7608773817164216
0.7614104713032399
0.7619423769950264
0.7624731014209967
0.7630026472045274
0.7635310169631689
0.7640582133086588
0.7645842388469342
0.765109096178145
0.7656327878966668
0.7661553165911132
0.7666766848443495
0.7671968952335043
0.7677159503299833
0.7682338526994814
0.7687506049019956
0.7692662094918378
0.7697806690176469
0.7702939860224018
0.7708061630434342
0.7713172026124405
0.7718271072554949
0.7723358794930614
0.7728435218400068
0.7733500368056128
0.7738554268935881
0.7743596946020815
0.7748628424236937
0.7753648728454899
0.7758657883490119
0.7763655914102903
0.776864284499857
0.7773618700827575
0.7778583506185626
0.778353728561381
0.7788480063598712
0.7793411864572537
0.7798332712913231
0.7803242632944599
0.7808141648936431
0.7813029785104614
0.7817907065611258
0.7822773514564814
0.782762915602019
0.7832474013978877
0.7837308112389059
0.7842131475145736
0.7846944126090842
0.7851746089013364
0.7856537387649456
0.7861318045682558
0.7866088086743516
0.7870847534410693
0.7875596412210091
0.7880334743615464
0.7885062552048434
0.7889779860878611
0.7894486693423702
0.7899183072949634
0.7903869022670659
0.7908544565749477
0.7913209725297349
0.7917864524374209
0.7922508985988778
0.7927143133098681
0.7931766988610557
0.7936380575380173
0.794098391621254
0.7945577033862019
0.7950159951032442
0.7954732690377218
0.7959295274499445
0.7963847725952028
0.7968390067237783
0.7972922320809551
0.7977444509070312
0.798195665437329
0.7986458779022069
0.7990950905270698
0.7995433055323807
0.7999905251336713
0.8004367515415527
0.800881986961727
0.8013262335949976
0.8017694936372805
0.8022117692796148
0.8026530627081738
0.8030933761042758
0.8035327116443944
0.8039710715001702
0.8044084578384205
0.8048448728211508
0.805280318605565
0.8057147973440765
0.8061483111843182
0.8065808622691537
0.8070124527366878
0.8074430847202767
0.807872760348539
0.8083014817453661
0.8087292510299323
0.8091560703167059
0.8095819417154592
0.8100068673312791
0.8104308492645776
0.8108538896111019
0.8112759904619451
0.8116971539035561
0.8121173820177505
0.8125366768817204
0.8129550405680447
0.8133724751446997
0.8137889826750689
0.8142045652179538
0.8146192248275832
0.815032963553624
0.8154457834411912
0.8158576865308581
0.816268674858666
0.8166787504561348
0.8170879153502724
0.8174961715635853
0.8179035211140885
0.8183099660153151
0.8187155082763268
0.8191201499017232
0.8195238928916524
0.8199267392418202
0.8203286909435006
0.8207297499835451
0.8211299183443929
0.8215291980040804
0.8219275909362515
0.8223250991101666
0.822721724490713
0.8231174690384142
0.8235123347094397
0.8239063234556149
0.8242994372244303
0.8246916779590516
0.825083047598329
0.8254735480768067
0.825863181324733
0.8262519492680691
0.8266398538284992
0.8270268969234398
0.8274130804660489
0.827798406365236
0.8281828765256714
0.8285664928477949
0.8289492572278264
0.8293311715577742
0.8297122377254451
0.8300924576144532
0.8304718331042295
0.830850366070031
0.8312280583829506
0.8316049119099251
0.8319809285137458
0.8323561100530668
0.8327304583824143
0.8331039753521965
0.8334766628087115
0.8338485225941575
0.8342195565466416
0.8345897665001885
0.8349591542847499
0.8353277217262137
0.8356954706464128
0.836062402863134
0.8364285201901274
0.8367938244371146
0.8371583174097986
0.837522000909872
0.8378848767350265
0.838246946678961
0.8386082125313913
0.8389686760780583
0.8393283391007371
0.8396872033772461
0.8400452706814553
0.8404025427832951
0.8407590214487655
0.8411147084399443
0.8414696055149962
0.8418237144281812
0.8421770369298635
0.84252957476652
0.8428813296807492
0.8432323034112794
0.8435824976929774
0.8439319142568574
0.8442805548300892
0.844628421136007
0.8449755148941177
0.8453218378201094
0.8456673916258601
0.8460121780194461
0.8463561987051501
0.8466994553834702
0.8470419497511279
0.8473836835010764
0.8477246583225094
0.8480648759008691
0.8484043379178547
0.8487430460514306
0.8490810019758347
0.8494182073615869
0.849754663875497
0.8500903731806732
0.8504253369365301
0.8507595567987973
0.8510930344195272
0.8514257714471033
0.8517577695262482
0.852089030298032
0.8524195553998803
0.8527493464655824
0.8530784051252989
0.8534067330055704
0.853734331729325
0.8540612029158869
0.8543873481809839
0.8547127691367556
0.8550374673917612
0.8553614445509877
0.8556847022158577
0.8560072419842374
0.8563290654504442
0.8566501742052551
0.8569705698359141
0.8572902539261403
0.8576092280561356
0.8579274938025925
0.8582450527387021
0.8585619064341616
0.8588780564551823
0.8591935043644972
0.8595082517213685
0.8598223000815959
0.8601356509975239
0.8604483060180494
0.8607602666886297
0.8610715345512896
0.8613821111446295
0.8616919980038329
0.8620011966606739
0.8623097086435247
0.8626175354773635
0.8629246786837816
0.8632311397809913
0.863536920283833
0.863842021703783
0.8641464455489609
0.8644501933241372
0.8647532665307402
0.8650556666668643
0.8653573952272764
0.8656584537034242
0.865958843583443
0.8662585663521631
0.8665576234911175
0.8668560164785488
0.8671537467894167
0.8674508158954054
0.8677472252649308
0.8680429763631474
0.8683380706519563
0.8686325095900117
0.8689262946327283
0.8692194272322888
0.869511908837651
0.8698037408945544
0.8700949248455281
0.8703854621298975
0.8706753541837916
0.8709646024401498
0.8712532083287295
0.8715411732761127
0.8718284987057131
0.8721151860377836
0.8724012366894227
0.8726866520745818
0.8729714336040724
0.8732555826855725
0.873539100723634
0.8738219891196899
0.8741042492720604
0.8743858825759606
0.8746668904235069
0.8749472742037241
0.8752270353025523
0.8755061751028536
0.875784694984419
0.8760625963239754
0.8763398804951921
0.8766165488686877
0.876892602812037
0.8771680436897775
0.8774428728634166
0.8777170916914377
0.8779907015293077
0.8782637037294827
0.8785360996414157
0.8788078906115625
0.8790790779833889
0.8793496630973769
0.8796196472910318
0.8798890318988883
0.8801578182525175
0.8804260076805331
0.8806936015085984
0.8809606010594326
0.8812270076528175
0.8814928226056035
0.8817580472317169
0.882022682842166
0.8822867307450474
0.8825501922455526
0.8828130686459749
0.883075361245715
0.883337071341288
0.88359820022633
0.8838587491916036
0.8841187195250052
0.8843781125115712
0.8846369294334837
0.8848951715700776
0.8851528401978466
0.8854099365904494
0.8856664620187165
0.8859224177506556
0.8861778050514588
0.8864326251835082
0.8866868794063825
0.886940568976863
0.8871936951489402
0.8874462591738193
0.887698262299927
0.8879497057729175
0.8882005908356787
0.8884509187283381
0.8887006906882693
0.8889499079500975
0.8891985717457066
0.8894466833042443
0.8896942438521287
0.8899412546130543
0.890187716807998
0.890433631655225
0.8906790003702951
0.8909238241660685
0.8911681042527119
0.8914118418377043
0.8916550381258433
0.8918976943192508
0.892139811617379
0.8923813912170162
0.892622434312293
0.8928629420946882
0.8931029157530341
0.8933423564735233
0.8935812654397138
0.8938196438325352
0.8940574928302943
0.8942948136086816
0.894531607340776
0.8947678751970515
0.8950036183453828
0.8952388379510506
0.8954735351767482
0.8957077111825864
0.8959413671260997
0.8961745041622521
0.8964071234434423
0.8966392261195101
0.8968708133377414
0.8971018862428745
0.8973324459771049
0.8975624936800922
0.8977920304889646
0.898021057538325
0.8982495759602565
0.8984775868843281
0.8987050914376005
0.8989320907446309
0.8991585859274794
0.8993845781057143
0.8996100683964172
0.8998350579141892
0.9000595477711557
0.9002835390769727
0.9005070329388315
0.9007300304614647
0.9009525327471515
0.901174540895723
0.9013960560045681
0.9016170791686381
0.901837611480453
0.9020576540301065
0.9022772079052712
0.9024962741912043
0.9027148539707527
0.9029329483243588
0.9031505583300652
0.9033676850635206
0.9035843295979847
0.903800493004334
0.9040161763510662
0.9042313807043068
0.9044461071278128
0.9046603566829796
0.9048741304288449
0.9050874294220946
0.9053002547170681
0.905512607365763
0.9057244884178407
0.9059358989206316
0.9061468399191401
0.9063573124560499
0.9065673175717289
0.9067768563042348
0.9069859296893196
0.9071945387604354
0.9074026845487392
0.9076103680830977
0.9078175903900929
0.908024352494027
0.9082306554169273
0.9084365001785513
0.9086418877963919
0.9088468192856822
0.909051295659401
0.9092553179282771
0.9094588871007947
0.9096620041831985
0.9098646701794986
0.9100668860914749
0.9102686529186831
0.9104699716584586
0.9106708433059222
0.9108712688539846
0.9110712492933515
0.9112707856125283
0.9114698787978253
0.9116685298333621
0.911866739701073
0.9120645093807115
0.9122618398498553
0.912458732083911
0.912655187056119
0.9128512057375585
0.9130467890971518
0.9132419381016695
0.9134366537157355
0.913630936901831
0.9138247886202999
0.9140182098293534
0.9142112014850746
0.9144037645414234
0.9145958999502408
0.9147876086612545
0.9149788916220826
0.9151697497782388
0.9153601840731371
0.9155501954480963
0.9157397848423446
0.9159289531930246
0.9161177014351972
0.9163060305018472
0.9164939413238873
0.9166814348301625
0.9168685119474553
0.91705517360049
0.9172414207119371
0.9174272542024181
0.9176126749905099
0.9177976839927495
0.9179822821236384
0.9181664702956471
0.9183502494192198
0.9185336204027786
0.9187165841527284
0.9188991415734609
0.9190812935673593
0.919263041034803
0.9194443848741717
0.9196253259818499
0.9198058652522314
0.9199860035777239
0.920165741848753
0.920345080953767
0.920524021779241
0.9207025652096813
0.9208807121276302
0.9210584634136697
0.9212358199464264
0.9214127826025755
0.9215893522568455
0.9217655297820219
0.9219413160489521
0.9221167119265496
0.9222917182817981
0.9224663359797559
0.9226405658835602
0.9228144088544313
0.9229878657516768
0.9231609374326961
0.9233336247529843
0.9235059285661368
0.9236778497238531
0.9238493890759415
0.9240205474703227
0.9241913257530345
0.924361724768236
0.9245317453582111
0.9247013883633736
0.9248706546222706
0.925039544971587
0.9252080602461498
0.9253762012789317
0.9255439689010557
0.925711363941799
0.9258783872285969
0.9260450395870475
0.9262113218409151
0.9263772348121349
0.9265427793208162
0.9267079561852474
0.9268727662218995
0.9270372102454304
0.9272012890686887
0.9273650035027177
0.9275283543567596
0.9276913424382595
0.9278539685528692
0.9280162335044514
0.9281781380950834
0.9283396831250614
0.9285008693929043
0.9286616976953576
0.9288221688273971
0.9289822835822334
0.9291420427513156
0.9293014471243349
0.929460497489229
0.9296191946321853
0.9297775393376457
0.9299355323883097
0.9300931745651387
0.9302504666473597
0.930407409412469
0.9305640036362366
0.9307202500927093
0.930876149554215
0.9310317027913666
0.9311869105730652
0.9313417736665048
0.9314962928371752
0.9316504688488663
0.9318043024636717
0.9319577944419929
0.9321109455425421
0.9322637565223472
0.9324162281367542
0.932568361139432
0.9327201562823757
0.9328716143159104
0.9330227359886948
0.9331735220477249
0.9333239732383377
0.9334740903042154
0.9336238739873879
0.9337733250282377
0.9339224441655031
0.9340712321362814
0.9342196896760332
0.9343678175185857
0.9345156163961363
0.9346630870392567
0.9348102301768958
0.9349570465363837
0.9351035368434352
0.9352497018221535
0.9353955421950336
0.9355410586829662
0.9356862520052408
0.9358311228795495
0.9359756720219906
0.9361199001470721
0.9362638079677152
0.9364073961952579
0.9365506655394582
0.936693616708498
0.9368362504089867
0.936978567345964
0.9371205682229041
0.937262253741719
0.9374036246027616
0.9375446815048296
0.9376854251451688
0.9378258562194767
0.9379659754219054
0.9381057834450657
0.9382452809800301
0.9383844687163366
0.9385233473419916
0.9386619175434736
0.9388001800057366
0.9389381354122135
0.9390757844448193
0.9392131277839547
0.9393501661085093
0.939486900095865
0.9396233304218994
0.9397594577609891
0.939895282786013
0.9400308061683555
0.9401660285779104
0.9403009506830835
0.9404355731507961
0.9405698966464885
0.9407039218341232
0.9408376493761883
0.9409710799337003
0.941104214166208
0.9412370527317954
0.9413695962870847
0.9415018454872404
0.9416338009859716
0.9417654634355358
0.9418968334867419
0.9420279117889534
0.9421586989900919
0.9422891957366398
0.9424194026736441
0.942549320444719
0.9426789496920494
0.9428082910563941
0.9429373451770889
0.9430661126920498
0.9431945942377757
0.9433227904493526
0.9434507019604557
0.9435783294033528
0.943705673408908
0.9438327346065838
0.9439595136244452
0.9440860110891623
0.9442122276260134
0.9443381638588882
0.9444638204102909
0.9445891979013431
0.9447142969517872
0.9448391181799891
0.9449636622029415
0.9450879296362668
0.9452119210942203
0.945335637189693
0.9454590785342152
0.9455822457379585
0.9457051394097398
0.9458277601570239
0.9459501085859264
0.9460721853012171
0.9461939909063223
0.9463155260033285
0.946436791192985
0.9465577870747068
0.9466785142465781
0.9467989733053546
0.9469191648464665
0.9470390894640222
0.94715874775081
0.9472781402983024
0.9473972676966579
0.9475161305347246
0.9476347294000428
0.9477530648788478
0.9478711375560733
0.9479889480153538
0.9481064968390277
0.94822378460814
0.9483408119024457
0.9484575793004116
0.9485740873792204
0.9486903367147729
0.9488063278816905
0.948922061453319
0.9490375380017307
0.9491527580977275
0.9492677223108433
0.9493824312093477
0.949496885360248
0.9496110853292922
0.949725031680972
0.9498387249785255
0.9499521657839399
0.9500653546579543
0.9501782921600624
0.9502909788485158
0.9504034152803258
0.950515602011267
0.9506275395958794
0.950739228587472
0.9508506695381244
0.9509618629986906
0.951072809518801
0.9511835096468656
0.9512939639300761
0.9514041729144094
0.9515141371446296
0.9516238571642911
0.9517333335157412
0.9518425667401226
0.9519515573773764
0.9520603059662444
0.952168813044272
0.952277079147811
0.9523851048120219
0.9524928905708766
0.9526004369571615
0.9527077445024793
0.9528148137372525
0.9529216451907254
0.9530282393909671
0.9531345968648739
0.9532407181381719
0.9533466037354197
0.9534522541800109
0.9535576699941769
0.9536628516989891
0.9537677998143619
0.9538725148590549
0.9539769973506756
0.9540812478056824
0.9541852667393861
0.9542890546659535
0.9543926120984095
0.9544959395486396
0.9545990375273925
0.9547019065442826
0.9548045471077925
0.9549069597252757
0.955009144902959
0.9551111031459446
0.9552128349582133
0.9553143408426266
0.955415621300929
0.9555166768337511
0.9556175079406114
0.9557181151199191
0.9558184988689766
0.955918659683982
0.9560185980600312
0.9561183144911206
0.9562178094701497
0.9563170834889231
0.9564161370381534
0.9565149706074635
0.9566135846853887
0.9567119797593795
0.9568101563158038
0.9569081148399493
0.9570058558160262
0.957103379727169
0.9572006870554395
0.9572977782818289
0.9573946538862603
0.9574913143475907
0.9575877601436139
0.9576839917510624
0.9577800096456103
0.9578758143018749
0.9579714061934196
0.9580667857927563
0.9581619535713473
0.958256909999608
0.958351655546909
0.9584461906815787
0.958540515870905
0.9586346315811387
0.9587285382774946
0.9588222364241544
0.9589157264842693
0.9590090089199614
0.959102084192327
0.9591949527614381
0.959287615086345
0.9593800716250787
0.9594723228346527
0.9595643691710658
0.9596562110893041
0.9597478490433431
0.9598392834861502
0.959930514869687
0.9600215436449109
0.9601123702617783
0.9602029951692462
0.9602934188152745
0.9603836416468282
0.9604736641098798
0.9605634866494112
0.9606531097094162
0.9607425337329025
0.9608317591618942
0.9609207864374334
0.9610096159995829
0.9610982482874283
0.9611866837390799
0.961274922791675
0.9613629658813804
0.9614508134433938
0.9615384659119467
0.9616259237203063
0.9617131873007775
0.961800257084705
0.9618871335024757
0.9619738169835207
0.9620603079563175
0.9621466068483917
0.9622327140863198
0.9623186300957308
0.9624043553013084
0.9624898901267933
0.962575234994985
0.9626603903277441
0.9627453565459944
0.9628301340697247
0.9629147233179913
0.9629991247089198
0.9630833386597072
0.9631673655866239
0.9632512059050159
0.9633348600293069
0.963418328373
0.9635016113486802
0.9635847093680161
0.9636676228417622
0.9637503521797607
0.9638328977909435
0.9639152600833345
0.9639974394640514
0.9640794363393077
0.964161251114415
0.9642428841937845
0.9643243359809294
0.9644056068784668
0.9644866972881196
0.9645676076107187
0.9646483382462044
0.9647288895936295
0.9648092620511598
0.9648894560160775
0.964969471884782
0.9650493100527927
0.9651289709147506
0.9652084548644201
0.9652877622946913
0.9653668935975817
0.965445849164238
0.9655246293849387
0.965603234649095
0.9656816653452539
0.9657599218610989
0.9658380045834529
0.9659159138982797
0.9659936501906857
0.9660712138449224
0.9661486052443877
0.9662258247716282
0.9663028728083408
0.9663797497353748
0.9664564559327337
0.966532991779577
0.9666093576542222
0.9666855539341467
0.9667615809959895
0.9668374392155533
0.966913128967806
0.9669886506268829
0.9670640045660882
0.9671391911578975
0.9672142107739587
0.9672890637850948
0.967363750561305
0.9674382714717666
0.9675126268848375
0.9675868171680573
0.9676608426881492
0.9677347038110223
0.967808400901773
0.9678819343246866
0.9679553044432397
0.9680285116201017
0.9681015562171363
0.9681744385954039
0.9682471591151627
0.9683197181358711
0.9683921160161891
0.9684643531139803
0.9685364297863133
0.9686083463894639
0.9686801032789167
0.9687517008093669
0.9688231393347216
0.9688944192081025
0.9689655407818465
0.9690365044075084
0.9691073104358623
0.9691779592169031
0.9692484510998484
0.9693187864331404
0.9693889655644474
0.9694589888406656
0.9695288566079209
0.9695985692115703
0.969668126996204
0.9697375303056468
0.9698067794829601
0.9698758748704434
0.9699448168096357
0.970013605641318
0.9700822417055142
0.9701507253414929
0.9702190568877698
0.9702872366821081
0.9703552650615216
0.9704231423622751
0.9704908689198869
0.97055844506913
0.9706258711440342
0.9706931474778873
0.9707602744032368
0.9708272522518919
0.9708940813549248
0.9709607620426726
0.9710272946447385
0.9710936794899939
0.97115991690658
0.9712260072219088
0.9712919507626656
0.97135774785481
0.9714233988235776
0.9714889039934821
0.9715542636883161
0.9716194782311534
0.97168454794435
0.9717494731495463
0.9718142541676683
0.9718788913189292
0.9719433849228313
0.972007735298167
0.972071942763021
0.9721360076347715
0.9721999302300918
0.972263710864952
0.9723273498546204
0.9723908475136654
0.9724542041559565
0.9725174200946662
0.9725804956422717
0.972643431110556
0.9727062268106098
0.972768883052833
0.9728314001469361
0.9728937784019417
0.9729560181261862
0.9730181196273212
0.9730800832123152
0.9731419091874548
0.9732035978583464
0.9732651495299178
0.9733265645064196
0.9733878430914268
0.9734489855878399
0.973509992297887
0.973570863523125
0.973631599564441
0.9736922007220539
0.9737526672955158
0.9738129995837137
0.9738731978848707
0.9739332624965478
0.9739931937156447
0.9740529918384024
0.9741126571604036
0.9741721899765745
0.9742315905811866
0.9742908592678576
0.9743499963295533
0.9744090020585889
0.9744678767466303
0.9745266206846956
0.974585234163157
0.9746437174717414
0.9747020708995323
0.9747602947349715
0.97481838926586
0.9748763547793596
0.9749341915619947
0.974991899899653
0.9750494800775873
0.9751069323804172
0.9751642570921301
0.9752214544960826
0.975278524875002
0.9753354685109878
0.9753922856855132
0.975448976679426
0.9755055417729503
0.9755619812456882
0.9756182953766204
0.9756744844441083
0.9757305487258952
0.9757864884991072
0.9758423040402554
0.9758979956252366
0.9759535635293349
0.976009008027223
0.9760643293929637
0.9761195279000111
0.976174603821212
0.9762295574288073
0.9762843889944333
0.9763390987891228
0.9763936870833072
0.976448154146817
0.9765025002488833
0.9765567256581396
0.9766108306426226
0.9766648154697739
0.976718680406441
0.976772425718879
0.9768260516727515
0.9768795585331321
0.9769329465645059
0.9769862160307704
0.9770393671952372
0.977092400320633
0.9771453156691013
0.9771981135022031
0.9772507940809186
0.9773033576656487
0.9773558045162155
0.9774081348918645
0.9774603490512653
0.9775124472525131
0.9775644297531297
0.9776162968100653
0.9776680486796994
0.9777196856178418
0.9777712078797347
0.977822615720053
0.9778739093929064
0.97792508915184
0.9779761552498357
0.978027107939314
0.9780779474721346
0.9781286740995978
0.9781792880724459
0.9782297896408643
0.9782801790544827
0.9783304565623766
0.9783806224130683
0.9784306768545281
0.9784806201341757
0.9785304524988812
0.9785801741949665
0.9786297854682064
0.9786792865638303
0.9787286777265223
0.9787779592004235
0.978827131229133
0.9788761940557085
0.9789251479226679
0.9789739930719911
0.9790227297451198
0.9790713581829602
0.979119878625883
0.9791682913137254
0.9792165964857917
0.9792647943808551
0.9793128852371581
0.9793608692924144
0.9794087467838097
0.979456517948003
0.9795041830211277
0.9795517422387927
0.9795991958360838
0.9796465440475646
0.9796937871072777
0.9797409252487462
0.9797879587049745
0.9798348877084493
0.9798817124911413
0.9799284332845059
0.9799750503194844
0.9800215638265054
0.9800679740354856
0.9801142811758312
0.9801604854764389
0.980206587165697
0.9802525864714867
0.9802984836211831
0.9803442788416562
0.9803899723592724
0.9804355643998952
0.9804810551888865
0.9805264449511079
0.9805717339109212
0.9806169222921906
0.9806620103182824
0.9807069982120674
0.9807518861959212
0.9807966744917256
0.9808413633208696
0.9808859529042505
0.9809304434622753
0.9809748352148612
0.981019128381437
0.9810633231809445
0.9811074198318389
0.9811514185520905
0.9811953195591855
0.981239123070127
0.9812828293014361
0.9813264384691534
0.9813699507888393
0.9814133664755758
0.9814566857439669
0.9814999088081405
0.9815430358817485
0.9815860671779686
0.9816290029095048
0.981671843288589
0.9817145885269817
0.981757238835973
0.9817997944263838
0.9818422555085669
0.9818846222924078
0.9819268949873261
0.9819690738022762
0.9820111589457483
0.9820531506257698
0.9820950490499061
0.9821368544252613
0.9821785669584802
0.982220186855748
0.9822617143227924
0.9823031495648842
0.9823444927868381
0.9823857441930142
0.9824269039873186
0.9824679723732046
0.9825089495536737
0.9825498357312766
0.9825906311081141
0.9826313358858381
0.9826719502656527
0.9827124744483153
0.9827529086341374
0.9827932530229857
0.9828335078142828
0.9828736732070087
0.9829137493997012
0.9829537365904575
0.9829936349769346
0.9830334447563508
0.9830731661254861
0.9831127992806838
0.983152344417851
0.9831918017324597
0.9832311714195477
0.9832704536737201
0.9833096486891493
0.9833487566595767
0.9833877777783133
0.9834267122382412
0.9834655602318136
0.9835043219510567
0.9835429975875701
0.9835815873325279
0.9836200913766794
0.9836585099103508
0.9836968431234451
0.9837350912054439
0.9837732543454079
0.9838113327319779
0.9838493265533756
0.9838872359974051
0.9839250612514532
0.9839628025024904
0.9840004599370721
0.9840380337413395
0.9840755241010203
0.9841129312014297
0.9841502552274716
0.9841874963636388
0.9842246547940148
0.984261730702274
0.9842987242716831
0.9843356356851017
0.9843724651249833
0.9844092127733763
0.9844458788119247
0.984482463421869
0.9845189667840474
0.9845553890788964
0.9845917304864519
0.9846279911863497
0.9846641713578269
0.9847002711797225
0.9847362908304783
0.9847722304881399
0.9848080903303572
0.984843870534386
0.9848795712770883
0.9849151927349329
0.9849507350839973
0.9849861984999677
0.9850215831581401
0.9850568892334214
0.9850921169003297
0.9851272663329959
0.9851623377051639
0.9851973311901919
0.9852322469610532
0.9852670851903367
0.9853018460502482
0.9853365297126109
0.9853711363488666
0.9854056661300763
0.9854401192269211
0.9854744958097029
0.9855087960483456
0.9855430201123957
0.985577168171023
0.985611240393022
0.9856452369468117
0.9856791580004377
0.985713003721572
0.9857467742775143
0.985780469835193
0.9858140905611654
0.9858476366216193
0.9858811081823732
0.9859145054088774
0.9859478284662146
0.9859810775191012
0.9860142527318876
0.9860473542685592
0.9860803822927372
0.9861133369676796
0.9861462184562816
0.9861790269210768
0.9862117625242378
0.9862444254275771
0.9862770157925477
0.9863095337802441
0.9863419795514031
0.9863743532664045
0.986406655085272
0.9864388851676738
0.9864710436729234
0.9865031307599808
0.9865351465874528
0.9865670913135939
0.9865989650963073
0.9866307680931454
0.9866625004613109
0.9866941623576571
0.986725753938689
0.9867572753605643
0.9867887267790938
0.986820108349742
0.9868514202276284
0.986882662567528
0.986913835523872
0.9869449392507487
0.9869759739019041
0.9870069396307427
0.9870378365903286
0.9870686649333859
0.9870994248122992
0.987130116379115
0.9871607397855421
0.9871912951829522
0.9872217827223811
0.9872522025545291
0.9872825548297616
0.9873128396981102
0.9873430573092734
0.9873732078126172
0.9874032913571759
0.9874333080916526
0.9874632581644206
0.9874931417235232
0.9875229589166753
0.9875527098912635
0.9875823947943474
0.9876120137726596
0.9876415669726071
0.9876710545402716
0.9877004766214106
0.9877298333614576
0.9877591249055234
0.9877883513983965
0.9878175129845436
0.9878466098081108
0.987875642012924
0.9879046097424897
0.9879335131399958
0.987962352348312
0.9879911275099907
0.9880198387672682
0.9880484862620642
0.9880770701359838
0.9881055905303172
0.9881340475860412
0.9881624414438192
0.9881907722440023
0.9882190401266302
0.9882472452314311
0.9882753876978233
0.9883034676649153
0.9883314852715066
0.9883594406560886
0.988387333956845
0.9884151653116527
0.9884429348580824
0.9884706427333994
0.9884982890745637
0.9885258740182318
0.9885533977007562
0.9885808602581868
0.9886082618262714
0.9886356025404561
0.9886628825358864
0.9886901019474077
0.9887172609095657
0.9887443595566076
0.9887713980224822
0.9887983764408409
0.9888252949450383
0.9888521536681331
0.988878952742888
0.988905692301771
0.9889323724769564
0.9889589934003243
0.9889855552034624
0.9890120580176659
0.9890385019739385
0.989064887202993
0.9890912138352518
0.9891174820008477
0.9891436918296247
0.9891698434511381
0.9891959369946557
0.9892219725891581
0.9892479503633397
0.9892738704456088
0.9892997329640886
0.9893255380466179
0.9893512858207515
0.9893769764137609
0.989402609952635
0.9894281865640805
0.9894537063745231
0.9894791695101074
0.989504576096698
0.9895299262598798
0.989555220124959
0.9895804578169635
0.9896056394606434
0.9896307651804719
0.9896558351006457
0.9896808493450857
0.9897058080374376
0.9897307113010724
0.9897555592590872
0.9897803520343058
0.9898050897492792
0.989829772526286
0.9898544004873335
0.9898789737541581
0.9899034924482256
0.9899279566907323
0.9899523666026051
0.9899767223045025
0.990001023916815
0.9900252715596657
0.9900494653529109
0.990073605416141
0.9900976918686804
0.9901217248295887
0.9901457044176611
0.9901696307514292
0.9901935039491607
0.9902173241288614
0.9902410914082747
0.9902648059048823
0.9902884677359054
0.9903120770183046
0.9903356338687809
0.990359138403776
0.990382590739473
0.9904059909917972
0.9904293392764162
0.9904526357087409
0.9904758804039258
0.9904990734768696
0.990522215042216
0.990545305214354
0.9905683441074186
0.9905913318352911
0.9906142685116004
0.9906371542497225
0.990659989162782
0.990682773363652
0.9907055069649551
0.9907281900790637
0.9907508228181007
0.99077340529394
0.9907959376182071
0.9908184199022794
0.990840852257287
0.9908632347941134
0.9908855676233957
0.9909078508555254
0.9909300846006486
0.9909522689686671
0.9909744040692383
0.9909964900117764
0.9910185269054523
0.9910405148591948
0.9910624539816903
0.9910843443813844
0.9911061861664814
0.9911279794449456
0.9911497243245013
0.9911714209126339
0.9911930693165896
0.9912146696433768
0.9912362219997661
0.9912577264922912
0.9912791832272488
0.9913005923107
0.99132195384847
0.9913432679461491
0.9913645347090932
0.9913857542424241
0.9914069266510301
0.9914280520395667
0.9914491305124571
0.9914701621738922
0.9914911471278317
0.9915120854780046
0.9915329773279093
0.9915538227808145
0.9915746219397594
0.9915953749075547
0.9916160817867823
0.9916367426797966
0.9916573576887246
0.9916779269154666
0.9916984504616965
0.9917189284288622
0.9917393609181868
0.9917597480306681
0.99178008986708
0.9918003865279723
0.9918206381136716
0.9918408447242818
0.9918610064596843
0.9918811234195388
0.9919011957032837
0.9919212234101364
0.9919412066390942
0.9919611454889344
0.991981040058215
0.9920008904452748
0.9920206967482348
0.9920404590649976
0.9920601774932486
0.9920798521304561
0.9920994830738722
0.9921190704205327
0.9921386142672582
0.9921581147106542
0.9921775718471114
0.9921969857728068
0.9922163565837036
0.9922356843755519
0.9922549692438891
0.9922742112840407
0.9922934105911202
0.99231256726003
0.9923316813854618
0.9923507530618968
0.9923697823836065
0.9923887694446532
0.99240771433889
0.9924266171599617
0.9924454780013053
0.9924642969561501
0.9924830741175183
0.9925018095782258
0.9925205034308818
0.9925391557678906
0.9925577666814508
0.9925763362635562
0.9925948646059967
0.9926133518003578
0.9926317979380221
0.992650203110169
0.9926685674077755
0.9926868909216165
0.9927051737422654
0.9927234159600943
0.9927416176652747
0.9927597789477778
0.992777899897375
0.9927959806036384
0.9928140211559411
0.9928320216434577
0.992849982155165
0.9928679027798417
0.9928857836060698
0.9929036247222345
0.9929214262165245
0.9929391881769328
0.992956910691257
0.9929745938470997
0.992992237731869
0.9930098424327786
0.9930274080368487
0.9930449346309066
0.9930624223015861
0.9930798711353293
0.9930972812183856
0.9931146526368134
0.9931319854764799
0.9931492798230613
0.993166535762044
0.993183753378724
0.9932009327582084
0.993218073985415
0.9932351771450729
0.9932522423217235
0.99326926959972
0.9932862590632283
0.9933032107962277
0.9933201248825108
0.9933370014056839
0.9933538404491681
0.9933706420961987
0.9933874064298267
0.9934041335329182
0.9934208234881555
0.9934374763780373
0.9934540922848788
0.9934706712908128
0.9934872134777895
0.993503718927577
0.9935201877217621
0.99353661994175
0.9935530156687655
0.9935693749838528
0.9935856979678761
0.9936019847015203
0.9936182352652907
0.9936344497395141
0.9936506282043388
0.9936667707397351
0.9936828774254958
0.9936989483412363
0.9937149835663954
0.9937309831802354
0.9937469472618425
0.9937628758901275
0.9937787691438255
0.9937946271014971
0.9938104498415286
0.9938262374421317
0.9938419899813449
0.993857707537033
0.993873390186888
0.9938890380084296
0.993904651079005
0.99392022947579
0.9939357732757884
0.9939512825558336
0.9939667573925882
0.9939821978625445
0.9939976040420248
0.994012976007182
0.9940283138339999
0.9940436175982936
0.9940588873757098
0.9940741232417271
0.9940893252716565
0.9941044935406419
0.9941196281236602
0.9941347290955217
0.9941497965308708
0.9941648305041859
0.9941798310897803
0.9941947983618017
0.9942097323942337
0.9942246332608955
0.994239501035442
0.9942543357913649
0.9942691376019926
0.9942839065404906
0.9942986426798618
0.9943133460929472
0.9943280168524259
0.9943426550308156
0.994357260700473
0.9943718339335942
0.9943863748022146
0.9944008833782101
0.9944153597332965
0.9944298039390309
0.9944442160668109
0.9944585961878759
0.994472944373307
0.9944872606940275
0.994501545220803
0.9945157980242422
0.9945300191747967
0.9945442087427618
0.9945583667982769
0.9945724934113253
0.9945865886517349
0.9946006525891787
0.994614685293175
0.9946286868330875
0.994642657278126
0.9946565966973465
0.9946705051596518
0.9946843827337916
0.9946982294883627
0.9947120454918099
0.9947258308124259
0.9947395855183516
0.9947533096775767
0.9947670033579398
0.9947806666271289
0.9947942995526818
0.9948079022019862
0.9948214746422801
0.9948350169406522
0.9948485291640423
0.9948620113792414
0.9948754636528921
0.9948888860514894
0.9949022786413801
0.9949156414887642
0.9949289746596942
0.9949422782200762
0.9949555522356698
0.9949687967720885
0.9949820118948003
0.9949951976691277
0.9950083541602481
0.9950214814331942
0.9950345795528542
0.9950476485839723
0.9950606885911489
0.9950736996388408
0.9950866817913618
0.9950996351128828
0.9951125596674322
0.9951254555188962
0.9951383227310192
0.995151161367404
0.995163971491512
0.9951767531666639
0.9951895064560395
0.9952022314226786
0.9952149281294808
0.995227596639206
0.9952402370144748
0.9952528493177688
0.9952654336114307
0.9952779899576648
0.9952905184185372
0.9953030190559763
0.9953154919317728
0.9953279371075804
0.9953403546449155
0.9953527446051583
0.9953651070495525
0.9953774420392058
0.9953897496350901
0.995402029898042
0.9954142828887631
0.9954265086678199
0.9954387072956447
0.9954508788325352
0.9954630233386558
0.9954751408740367
0.995487231498575
0.9954992952720348
0.9955113322540476
0.9955233425041122
0.9955353260815955
0.9955472830457323
0.995559213455626
0.995571117370249
0.9955829948484423
0.9955948459489163
0.9956066707302513
0.9956184692508973
0.9956302415691743
0.9956419877432734
0.9956537078312557
0.9956654018910539
0.9956770699804718
0.9956887121571849
0.9957003284787406
0.9957119190025585
0.9957234837859307
0.995735022886022
0.9957465363598704
0.9957580242643871
0.9957694866563569
0.9957809235924385
0.9957923351291649
0.9958037213229433
0.9958150822300559
0.9958264179066597
0.9958377284087871
0.9958490137923461
0.9958602741131205
0.99587150942677
0.995882719788831
0.9958939052547164
0.9959050658797162
0.9959162017189973
0.9959273128276044
0.9959383992604598
0.9959494610723639
0.9959604983179954
0.9959715110519113
0.9959824993285479
0.9959934632022202
0.9960044027271228
0.9960153179573299
0.9960262089467956
0.9960370757493542
0.9960479184187204
0.9960587370084897
0.9960695315721384
0.9960803021630242
0.9960910488343863
0.9961017716393454
0.9961124706309047
0.9961231458619493
0.996133797385247
0.9961444252534484
0.9961550295190872
0.9961656102345804
0.9961761674522285
0.9961867012242159
0.9961972116026114
0.9962076986393678
0.9962181623863224
0.996228602895198
0.9962390202176019
0.9962494144050271
0.9962597855088522
0.9962701335803416
0.996280458670646
0.9962907608308024
0.9963010401117345
0.9963112965642529
0.9963215302390553
0.9963317411867271
0.9963419294577408
0.9963520951024574
0.9963622381711256
0.9963723587138827
0.9963824567807549
0.9963925324216567
0.9964025856863924
0.9964126166246552
0.9964226252860282
0.9964326117199843
0.9964425759758867
0.9964525181029886
0.9964624381504342
0.9964723361672584
0.9964822122023871
0.9964920663046377
0.9965018985227192
0.9965117089052322
0.9965214975006697
0.9965312643574167
0.9965410095237509
0.9965507330478428
0.9965604349777559
0.996570115361447
0.9965797742467662
0.9965894116814576
0.9965990277131591
0.9966086223894028
0.9966181957576153
0.996627747865118
0.9966372787591269
0.9966467884867533
0.9966562770950039
0.9966657446307812
0.9966751911408831
0.9966846166720039
0.996694021270734
0.9967034049835606
0.9967127678568674
0.9967221099369351
0.9967314312699419
0.9967407319019631
0.9967500118789719
0.9967592712468393
0.9967685100513344
0.9967777283381247
0.9967869261527764
0.9967961035407544
0.9968052605474226
0.9968143972180441
0.9968235135977817
0.9968326097316976
0.9968416856647543
0.996850741441814
0.9968597771076396
0.9968687927068945
0.996877788284143
0.9968867638838502
0.9968957195503827
0.9969046553280083
0.9969135712608967
0.9969224673931196
0.9969313437686506
0.9969402004313656
0.9969490374250433
0.996957854793365
0.996966652579915
0.996975430828181
0.9969841895815538
0.9969929288833281
0.9970016487767025
0.9970103493047794
0.9970190305105655
0.9970276924369722
0.9970363351268156
0.9970449586228164
0.9970535629676007
0.9970621482037
0.9970707143735511
0.9970792615194967
0.9970877896837854
0.9970962989085721
0.9971047892359178
0.9971132607077905
0.9971217133660646
0.9971301472525218
0.9971385624088509
0.9971469588766481
0.9971553366974171
0.9971636959125696
0.9971720365634253
0.9971803586912124
0.9971886623370668
0.9971969475420339
0.9972052143470673
0.9972134627930301
0.9972216929206944
0.9972299047707417
0.9972380983837633
0.9972462738002604
0.9972544310606442
0.997262570205236
0.9972706912742677
0.9972787943078819
0.997286879346132
0.9972949464289824
0.9973029955963088
0.9973110268878982
0.9973190403434494
0.9973270360025731
0.9973350139047918
0.9973429740895405
0.9973509165961664
0.9973588414639294
0.9973667487320022
0.9973746384394705
0.9973825106253332
0.9973903653285027
0.9973982025878048
0.9974060224419791
0.9974138249296793
0.9974216100894733
0.997429377959843
0.9974371285791852
0.9974448619858113
0.9974525782179475
0.9974602773137353
0.9974679593112314
0.9974756242484081
0.9974832721631531
0.9974909030932703
0.9974985170764793
0.9975061141504161
0.9975136943526333
0.9975212577205997
0.9975288042917013
0.9975363341032408
0.9975438471924382
0.9975513435964306
0.997558823352273
0.9975662864969378
0.9975737330673154
0.9975811631002144
0.9975885766323614
0.9975959737004018
0.9976033543408991
0.997610718590336
0.9976180664851141
0.997625398061554
0.9976327133558959
0.9976400124042993
0.9976472952428436
0.9976545619075278
0.9976618124342711
0.997669046858913
0.9976762652172133
0.9976834675448525
0.9976906538774317
0.997697824250473
0.9977049786994198
0.9977121172596364
0.9977192399664089
0.9977263468549449
0.9977334379603738
0.9977405133177472
0.9977475729620383
0.9977546169281433
0.9977616452508805
0.997768657964991
0.9977756551051387
0.9977826367059105
0.9977896028018166
0.9977965534272905
0.9978034886166891
0.9978104084042932
0.9978173128243074
0.9978242019108603
0.9978310756980047
0.9978379342197178
0.9978447775099014
0.997851605602382
0.9978584185309107
0.9978652163291641
0.9978719990307438
0.9978787666691766
0.9978855192779152
0.9978922568903378
0.9978989795397483
0.9979056872593769
0.99791238008238
0.9979190580418403
0.997925721170767
0.9979323695020961
0.9979390030686902
0.9979456219033392
0.9979522260387601
0.9979588155075971
0.9979653903424222
0.9979719505757346
0.9979784962399619
0.9979850273674593
0.9979915439905102
0.9979980461413263
0.9980045338520478
0.9980110071547436
0.9980174660814112
0.9980239106639772
0.9980303409342973
0.9980367569241564
0.9980431586652686
0.998049546189278
0.9980559195277581
0.9980622787122124
0.9980686237740745
0.998074954744708
0.9980812716554069
0.9980875745373959
0.9980938634218302
0.9981001383397957
0.9981063993223095
0.9981126464003197
0.9981188796047057
0.9981250989662782
0.9981313045157796
0.998137496283884
0.9981436743011974
0.9981498385982579
0.9981559892055355
0.9981621261534328
0.9981682494722848
0.9981743591923591
0.9981804553438561
0.9981865379569093
0.998192607061585
0.9981986626878828
0.9982047048657359
0.9982107336250107
0.9982167489955074
0.9982227510069601
0.9982287396890369
0.9982347150713398
0.9982406771834051
0.9982466260547038
0.9982525617146412
0.9982584841925571
0.9982643935177267
0.9982702897193596
0.9982761728266009
0.9982820428685307
0.998287899874165
0.9982937438724547
0.998299574892287
0.9983053929624847
0.9983111981118064
0.998316990368947
0.998322769762538
0.9983285363211467
0.9983342900732773
0.9983400310473708
0.9983457592718048
0.9983514747748939
0.9983571775848901
0.9983628677299823
0.998368545238297
0.9983742101378982
0.9983798624567874
0.9983855022229043
0.9983911294641262
0.9983967442082686
0.9984023464830853
0.9984079363162685
0.9984135137354485
0.9984190787681948
0.9984246314420154
0.9984301717843572
0.9984356998226062
0.9984412155840874
0.9984467190960654
0.998452210385744
0.9984576894802669
0.9984631564067172
0.998468611192118
0.9984740538634324
0.9984794844475634
0.9984849029713547
0.99849030946159
0.9984957039449937
0.9985010864482305
0.9985064569979066
0.9985118156205685
0.9985171623427038
0.9985224971907416
0.998527820191052
0.9985331313699467
0.9985384307536789
0.9985437183684435
0.9985489942403772
0.9985542583955588
0.9985595108600089
0.9985647516596907
0.9985699808205094
0.9985751983683129
0.9985804043288914
0.9985855987279781
0.9985907815912491
0.9985959529443234
0.9986011128127628
0.9986062612220726
0.9986113981977016
0.998616523765042
0.9986216379494293
0.998626740776143
0.9986318322704065
0.9986369124573872
0.9986419813621964
0.9986470390098898
0.9986520854254674
0.9986571206338736
0.9986621446599976
0.9986671575286732
0.998672159264679
0.9986771498927387
0.998682129437521
0.9986870979236399
0.9986920553756545
0.9986970018180699
0.9987019372753361
0.9987068617718492
0.998711775331951
0.9987166779799294
0.9987215697400181
0.9987264506363973
0.9987313206931931
0.9987361799344785
0.9987410283842726
0.9987458660665414
0.9987506930051975
0.9987555092241006
0.9987603147470574
0.9987651095978215
0.9987698938000941
0.9987746673775233
0.9987794303537052
0.9987841827521831
0.9987889245964481
0.9987936559099393
0.9987983767160437
0.9988030870380962
0.9988077868993799
0.9988124763231263
0.9988171553325154
0.9988218239506754
0.9988264822006836
0.9988311301055656
0.998835767688296
0.9988403949717984
0.9988450119789457
0.9988496187325597
0.9988542152554117
0.9988588015702223
0.9988633776996617
0.9988679436663498
0.9988724994928562
0.9988770452017003
0.9988815808153517
0.99888610635623
0.998890621846705
0.9988951273090967
0.9988996227656758
0.9989041082386633
0.998908583750231
0.9989130493225012
0.9989175049775476
0.9989219507373943
0.9989263866240169
0.9989308126593419
0.9989352288652473
0.9989396352635626
0.9989440318760684
0.9989484187244974
0.9989527958305336
0.9989571632158134
0.9989615209019247
0.9989658689104075
0.9989702072627542
0.9989745359804092
0.9989788550847695
0.9989831645971844
0.9989874645389559
0.9989917549313387
0.9989960357955402
0.9990003071527207
0.9990045690239937
0.9990088214304256
0.999013064393036
0.9990172979327981
0.9990215220706383
0.9990257368274365
0.9990299422240262
0.9990341382811948
0.9990383250196835
0.9990425024601873
0.9990466706233555
0.9990508295297912
0.999054979200052
0.9990591196546498
0.9990632509140508
0.999067372998676
0.9990714859289008
0.9990755897250555
0.9990796844074252
0.99908376999625
0.999087846511725
0.9990919139740003
0.9990959724031816
0.9991000218193297
0.9991040622424608
0.999108093692547
0.9991121161895157
0.99911612975325
0.9991201344035892
0.9991241301603281
0.9991281170432179
0.9991320950719659
0.9991360642662354
0.9991400246456462
0.9991439762297746
0.9991479190381531
0.9991518530902713
0.9991557784055751
0.9991596950034675
0.9991636029033081
0.9991675021244137
0.9991713926860584
0.9991752746074731
0.9991791479078463
0.9991830126063238
0.9991868687220087
0.9991907162739618
0.9991945552812018
0.9991983857627048
0.999202207737405
0.9992060212241943
0.999209826241923
0.9992136228093992
0.9992174109453894
0.9992211906686185
0.9992249619977696
0.9992287249514844
0.9992324795483634
0.9992362258069654
0.9992399637458083
0.9992436933833687
0.9992474147380824
0.999251127828344
0.9992548326725074
0.9992585292888855
0.9992622176957509
0.9992658979113354
0.9992695699538302
0.9992732338413864
0.9992768895921147
0.9992805372240854
0.9992841767553288
0.9992878082038351
0.9992914315875546
0.9992950469243979
0.9992986542322354
0.9993022535288982
0.9993058448321777
0.9993094281598256
0.9993130035295544
0.9993165709590373
0.999320130465908
0.9993236820677611
0.9993272257821524
0.9993307616265984
0.999334289618577
0.9993378097755269
0.9993413221148483
0.9993448266539028
0.9993483234100133
0.9993518124004644
0.9993552936425022
0.9993587671533345
0.9993622329501308
0.9993656910500227
0.9993691414701036
0.9993725842274289
0.9993760193390163
0.9993794468218455
0.9993828666928587
0.9993862789689602
0.999389683667017
0.9993930808038585
0.9993964703962768
0.9993998524610268
0.999403227014826
0.9994065940743548
0.9994099536562567
0.9994133057771382
0.9994166504535688
0.9994199877020812
0.9994233175391715
0.9994266399812991
0.999429955044887
0.9994332627463215
0.9994365631019526
0.999439856128094
0.9994431418410232
0.9994464202569815
0.9994496913921741
0.9994529552627702
0.9994562118849033
0.9994594612746708
0.9994627034481345
0.9994659384213206
0.9994691662102194
0.9994723868307861
0.9994756002989402
0.9994788066305659
0.999482005841512
0.9994851979475925
0.9994883829645859
0.9994915609082357
0.9994947317942504
0.999497895638304
0.9995010524560353
0.9995042022630484
0.9995073450749129
0.9995104809071638
0.9995136097753015
0.999516731694792
0.9995198466810671
0.9995229547495241
0.9995260559155263
0.9995291501944028
0.9995322376014485
0.9995353181519246
0.9995383918610583
0.999541458744043
0.9995445188160382
0.99954757209217
0.9995506185875308
0.9995536583171793
0.9995566912961411
0.9995597175394081
0.9995627370619391
0.9995657498786596
0.9995687560044622
0.999571755454206
0.9995747482427173
0.9995777343847896
0.9995807138951833
0.9995836867886263
0.9995866530798135
0.9995896127834074
0.9995925659140379
0.9995955124863022
0.9995984525147653
0.9996013860139599
0.9996043129983861
0.9996072334825123
0.9996101474807744
0.9996130550075761
0.9996159560772896
0.9996188507042548
0.9996217389027799
0.9996246206871413
0.9996274960715836
0.99963036507032
0.9996332276975318
0.9996360839673692
0.9996389338939508
0.9996417774913635
0.9996446147736636
0.9996474457548756
0.9996502704489931
0.9996530888699787
0.9996559010317638
0.999658706948249
0.9996615066333039
0.9996643001007673
0.9996670873644475
0.999669868438122
0.9996726433355375
0.9996754120704106
0.9996781746564268
0.999680931107242
0.9996836814364811
0.9996864256577391
0.9996891637845808
0.9996918958305407
0.9996946218091234
0.9996973417338033
0.9997000556180251
0.9997027634752035
0.9997054653187235
0.9997081611619404
0.9997108510181797
0.9997135349007374
0.9997162128228801
0.9997188847978448
0.9997215508388388
0.9997242109590406
0.9997268651715993
0.9997295134896345
0.9997321559262369
0.9997347924944681
0.9997374232073607
0.9997400480779184
0.9997426671191159
0.9997452803438991
0.9997478877651853
0.999750489395863
0.999753085248792
0.9997556753368038
0.999758259672701
0.9997608382692582
0.9997634111392214
0.9997659782953082
0.9997685397502082
0.9997710955165826
0.9997736456070647
0.9997761900342595
0.9997787288107443
0.9997812619490681
0.9997837894617524
0.9997863113612906
0.9997888276601485
0.9997913383707643
0.9997938435055483
0.9997963430768836
0.9997988370971255
0.9998013255786019
0.9998038085336135
0.9998062859744336
0.999808757913308
0.9998112243624557
0.9998136853340684
0.9998161408403107
0.9998185908933201
0.9998210355052074
0.9998234746880562
0.9998259084539234
0.9998283368148392
0.999830759782807
0.9998331773698036
0.9998355895877791
0.9998379964486571
0.9998403979643348
0.9998427941466829
0.9998451850075457
0.9998475705587413
0.9998499508120615
0.999852325779272
0.999854695472112
0.9998570599022952
0.999859419081509
0.9998617730214148
0.999864121733648
0.9998664652298185
0.9998688035215101
0.9998711366202812
0.999873464537664
0.9998757872851658
0.9998781048742678
0.9998804173164257
0.9998827246230702
0.9998850268056061
0.9998873238754132
0.9998896158438461
0.9998919027222338
0.9998941845218805
0.9998964612540652
0.9998987329300416
0.9999009995610388
0.9999032611582608
0.9999055177328866
0.9999077692960705
0.999910015858942
0.9999122574326059
0.9999144940281424
0.9999167256566068
0.9999189523290303
0.9999211740564192
0.9999233908497556
0.9999256027199971
0.999927809678077
0.9999300117349044
0.9999322089013639
0.9999344011883163
0.9999365886065981
0.9999387711670216
0.9999409488803753
0.9999431217574237
0.9999452898089073
0.9999474530455428
0.9999496114780231
0.9999517651170173
0.999953913973171
0.999956058057106
0.9999581973794204
0.9999603319506889
0.9999624617814629
0.99996458688227
0.9999667072636146
0.9999688229359779
0.9999709339098176
0.9999730401955683
0.9999751418036413
0.999977238744425
0.9999793310282845
0.999981418665562
0.9999835016665768
0.9999855800416251
0.9999876538009803
0.9999897229548932
0.9999917875135914
0.9999938474872803
0.9999959028861422
0.999997953720337
1.000000000000002
