0.0
0.0005249742011541773
0.0010624291212957444
0.0016126614766178017
0.002175975037434236
0.002752680795884152
0.0033430971376233014
0.003947550017597298
0.004566373139993662
0.005199908142472034
0.005848504784774275
0.006512521141818578
0.007192323801384186
0.007888288066495868
0.008600798162619869
0.009330247449785736
0.010077038639751118
0.010841584018329437
0.011624305673003162
0.012425635725948363
0.013246016572599183
0.01408590112588392
0.014945753066267584
0.015826047097738955
0.016727269209883464
0.01764991694618659
0.01859449967871588
0.019561538889333274
0.020551568457592942
0.021565134955483612
0.022602797949178067
0.023665130307956445
0.024752718520473872
0.02586616301854702
0.027006078508638353
0.02817309431122109
0.029367854708212193
0.03059101929866523
0.03184326336291947
0.03312527823540624
0.03443777168631835
0.03578146831235337
0.03715710993674636
0.038565456018813005
0.04000728407322919
0.04148339009927854
0.04299458902030484
0.04454171513361204
0.04612562257106009
0.04774718577061106
0.04940729995908566
0.05110688164639692
0.0528468691315337
0.054628223020573415
0.05645192675701005
0.058318987164690105
0.06023043500365632
0.06218732553920598
0.06419073912447806
0.06624178179689066
0.06834158588875826
0.07049131065242563
0.07269214290026381
0.07494529765988116
0.07725201884491154
0.07961357994174963
0.08203128471261283
0.08450646791531757
0.08704049604016774
0.08963476806436164
0.09229071622433446
0.09500980680646216
0.09779354095656365
0.10064345550864799
0.10356112383336429
0.10654815670662246
0.10960620319886472
0.11273695158547842
0.11594213027885318
0.11922350878259659
0.12258289866843544
0.12602215457634178
0.1295431752384359
0.1331479045272316
0.13683833252880245
0.14061649664146134
0.14448448270056
0.14844442613002964
0.15249851312129817
0.15664898184023485
0.16089812366278902
0.16524828444000472
0.16970186579310975
0.1742613264393941
0.17892918354960988
0.1837080141376419
0.18860045648321638
0.19360921158843292
0.19873704466892408
0.20398678668046588
0.20923652869200768
0.21445168281918608
0.21963247694400787
0.22477913744708103
0.22989188921750664
0.2349709556627057
0.2400165587181812
0.2450289188572157
0.25000825510050534
0.2549547850257301
0.259868724777061
0.26475028907460507
0.2695996912237874
0.2744171431246721
0.2792028552812212
0.2839570368104931
0.2886798954517802
0.29337163757568596
0.2980324681931429
0.3026625909643705
0.30726220820777456
0.3118315209087876
0.31637072872865113
0.32088003001314025
0.3253596218012304
0.3298096998337072
0.33423045856171973
0.3386220911552771
0.34298478951168937
0.3473187442639527
0.35162414478907916
0.35590117921637193
0.36015003443564564
0.3643708961053929
0.36856394866089687
0.3727293753222901
0.3768673581025609
0.38097807781550624
0.38506171408363293
0.38911844534600626
0.39314844886604716
0.39715190073927786
0.4011289759010166
0.4050798481340216
0.4090046900760848
0.41290367322757543
0.41677696795893376
0.42062474351811585
0.4244471680379888
0.42824440854367773
0.432016630959864
0.4357640001180354
0.43948667976368894
0.4431848325634855
0.44685862011235805
0.4505082029405726
0.4541337405207427
0.4577353912747978
0.4613133125809058
0.46486766078034975
0.4683985911843593
0.4719062580808973
0.47539081474140166
0.47885241342748247
0.4822912053975754
0.4857073409135512
0.4891009692472814
0.49247223868716095
0.49582129654458784
0.49914828916040016
0.5024533619112704
0.5057366592160581
0.5089983245421202
0.5122385004115801
0.5154573284075552
0.5186549491803438
0.5218315024535707
0.5249871270302927
0.5281219607990638
0.5312361407399602
0.5343298029305661
0.5374030825519195
0.5404561138944192
0.5434890303636927
0.5465019644864256
0.5494950479161527
0.55246841143901
0.5554221849794505
0.5583564976059208
0.561271477536501
0.5641672521445075
0.5670439479640584
0.5699016906956031
0.5727406052114142
0.5755608155610444
0.578362444976747
0.5811456158788606
0.583910449881158
0.5866570677961611
0.589385589640419
0.592096134639753
0.5947888212344657
0.5974637670845172
0.6001210890746653
0.6027609033195739
0.605383325168886
0.6079884692122648
0.6105764492843999
0.6131473784699824
0.6157013691086454
0.6182385327998734
0.6207589804078787
0.6232628220664453
0.6257501671837419
0.628221124447102
0.6306758018277737
0.6331143065856375
0.6355367452738927
0.6379432237437138
0.6403338471488756
0.6427087199503483
0.6450679459208616
0.6474116281494394
0.6497398690459044
0.652052770345353
0.6543504331126008
0.6566329577465984
0.6589004439848188
0.6611529909076157
0.6633906969425523
0.6656136598687026
0.6678219768209241
0.6700157442941022
0.6721950581473659
0.6743600136082778
0.6765107052769939
0.678647227130398
0.6807696725262081
0.6828781342070553
0.6849727043045368
0.6870534743432415
0.689120535244749
0.6911739773316031
0.6932138903312581
0.6952403633799997
0.6972534850268397
0.6992533432373856
0.7012400253976843
0.7032136183180401
0.7051742082368084
0.707121880824164
0.7090567211858444
0.7109788138668683
0.7128882428552307
0.7147850915855719
0.716669442942824
0.7185413792658322
0.720400982350953
0.7222483334556281
0.7240835133019354
0.7259066020801159
0.7277176794520777
0.7295168245548771
0.7313041160041767
0.7330796318976801
0.7348434498185451
0.7365956468387733
0.7383362995225781
0.74006548392973
0.7417832756188806
0.7434897496508636
0.7451849805919751
0.746869042517232
0.748542009013608
0.75020395318325
0.7518549476466718
0.7534950645459276
0.7551243755477642
0.7567429518467527
0.758350864168399
0.7599481827722351
0.7615349774548881
0.7631113175531307
0.7646772719469109
0.7662329090623619
0.7677782968747914
0.7693135029116526
0.7708385942554945
0.7723536375468935
0.7738586989873646
0.7753538443422551
0.7768391389436176
0.7783146476930649
0.7797804350646064
0.7812365651074644
0.782683101448874
0.7841201072968623
0.7855476454430111
0.7869657782652003
0.7883745677303334
0.7897740753970457
0.7911643624183938
0.792545489544528
0.7939175171253463
0.7952805051131324
0.7966345130651745
0.7979796001463683
0.7993158251318018
0.8006432464093238
0.8019619219820956
0.8032719094711246
0.804573266117783
0.8058660487863086
0.8071503139662894
0.8084261177751325
0.8096935159605158
0.8109525639028238
0.8122033166175681
0.8134458287577908
0.8146801546164532
0.8159063481288074
0.8171244628747538
0.818334552081182
0.8195366686242966
0.8207308650319278
0.8219171934858265
0.8230957058239445
0.8242664535427
0.825429487799227
0.8265848594136114
0.8277326188711113
0.828872816324363
0.8300055015955727
0.8311307241786933
0.832248533241587
0.8333589776281742
0.8344621058605675
0.8355579661411916
0.8366466063548903
0.8377280740710182
0.8388024165455198
0.8398696807229941
0.8409299132387458
0.8419831604208234
0.8430294682920436
0.8440688825720019
0.8451014486790704
0.8461272117323833
0.8471462165538068
0.8481585076698995
0.8491641293138565
0.8501631254274431
0.8511555396629145
0.8521414153849233
0.8531207956724146
0.8540937233205083
0.8550602408423686
0.8560203904710625
0.8569742141614043
0.8579217535917897
0.8588630501660165
0.8597981450150939
0.8607270789990397
0.8616498927086659
0.8625666264673522
0.8634773203328079
0.8643820140988226
0.8652807472970048
0.8661735591985091
0.8670604888157527
0.8679415749041196
0.8688168559636543
0.8696863702407441
0.8705501557297902
0.871408250174868
0.8722606910713764
0.873107515667676
0.873948760966717
0.8747844637276562
0.8756146604674625
0.8764393874625133
0.8772586807501793
0.8780725761303995
0.8788811091672447
0.8796843151904727
0.8804822292970713
0.8812748863527919
0.8820623209936733
0.882844567627555
0.8836216604355808
0.884393633373692
0.8851605201741118
0.8859223543468189
0.8866791691810114
0.8874309977465622
0.8881778728954632
0.8889198272632617
0.8896568932704855
0.8903891031240602
0.8911164888187163
0.8918390821383874
0.8925569146575986
0.8932700177428468
0.8939784225539706
0.8946821600455128
0.8953812609680719
0.8960757558696466
0.8967656750969704
0.8974510487968372
0.8981319069174195
0.8988082792095762
0.8994801952281529
0.9001476843332734
0.9008107756916226
0.9014694982777207
0.9021238808751898
0.9027739520780111
0.9034197402917747
0.9040612737349207
0.9046985804399722
0.9053316882547601
0.9059606248436403
0.9065854176887022
0.9072060940909695
0.9078226811715938
0.9084352058730387
0.9090436949602579
0.9096481750218642
0.9102486724712917
0.9108452135479498
0.9114378243183695
0.912026530677343
0.9126113583490546
0.9131923328882052
0.9137694796811286
0.9143428239469011
0.9149123907384432
0.9154782049436144
0.9160402912863008
0.9165986743274954
0.9171533784663712
0.9177044279413475
0.9182518468311489
0.9187956590558576
0.9193358883779584
0.9198725584033773
0.9204056925825128
0.9209353142112606
0.9214614464320315
0.921984112234763
0.922503334457923
0.9230191357895089
0.9235315387680383
0.9240405657835337
0.9245462390785012
0.9250485807489025
0.9255476127451201
0.9260433568729166
0.9265358347943875
0.9270250680289077
0.927511077954072
0.9279938858066288
0.9284735126834086
0.9289499795422457
0.9294233072028935
0.9298935163479349
0.9303606275236858
0.9308246611410925
0.9312856374766244
0.9317435766731593
0.9321984987408638
0.9326504235580677
0.9330993708721326
0.9335453603003147
0.933988411330622
0.9344285433226663
0.9348657755085084
0.9353001269934986
0.9357316167571124
0.9361602636537785
0.9365860864137038
0.9370091036436912
0.9374293338279529
0.9378467953289179
0.9382615063880346
0.9386734851265677
0.9390827495463899
0.9394893175307691
0.9398932068451492
0.9402944351379265
0.9406930199412213
0.9410889786716433
0.9414823286310533
0.9418730870073186
0.9422612708750648
0.9426468971964211
0.9430299828217621
0.9434105444904436
0.9437885988315343
0.9441641623645427
0.9445372515001383
0.9449078825408694
0.9452760716818748
0.9456418350115916
0.9460051885124588
0.946366148061615
0.9467247294315924
0.9470809482910059
0.9474348202052381
0.9477863606371189
0.9481355849476016
0.9484825083964342
0.9488271461428257
0.9491695132461088
0.9495096246663979
0.9498474952652428
0.9501831398062782
0.9505165729558687
0.9508478092837495
0.9511768632636634
0.951503749273993
0.951828481598389
0.9521510744263944
0.9524715418540645
0.9527898978845829
0.9531061564288733
0.9534203313062073
0.9537324362448084
0.9540424848824519
0.9543504907670607
0.9546564673572971
0.9549604280231515
0.9552623860465258
0.9555623546218144
0.9558603468564806
0.9561563757716292
0.9564504543025754
0.9567425952994104
0.9570328115275628
0.9573211156683559
0.9576075203195623
0.9578920379959546
0.9581746811298514
0.9584554620716615
0.958734393090423
0.9590114863743393
0.9592867540313122
0.9595602080894707
0.9598318604976964
0.960101723126146
0.9603698077667693
0.9606361261338254
0.9609006898643941
0.9611635105188842
0.9614245995815386
0.9616839684609368
0.9619416284904929
0.9621975909289506
0.9624518669608757
0.9627044676971445
0.9629554041754294
0.9632046873606811
0.963452328145608
0.9636983373511517
0.9639427257269604
0.9641855039518581
0.9644266826343116
0.9646662723128938
0.9649042834567444
0.9651407264660271
0.9653756116723843
0.9656089493393885
0.9658407496629906
0.9660710227719657
0.9662997787283554
0.9665270275279078
0.9667527791005138
0.9669770433106417
0.9671998299577675
0.9674211487768036
0.9676410094385239
0.9678594215499865
0.9680763946549534
0.9682919382343079
0.9685060617064682
0.9687187744277996
0.9689300856930229
0.9691400047356207
0.969348540728241
0.9695557027830978
0.9697614999523693
0.9699659412285936
0.9701690355450615
0.9703707917762069
0.9705712187379943
0.9707703251883049
0.9709681198273179
0.971164611297892
0.9713598081859424
0.9715537190208158
0.9717463522756636
0.9719377163678119
0.9721278196591292
0.972316670456392
0.9725042770116477
0.9726906475225748
0.9728757901328421
0.9730597129324633
0.9732424239581514
0.9734239311936695
0.9736042425701799
0.9737833659665901
0.9739613092098979
0.9741380800755328
0.974313686287696
0.9744881355196978
0.9746614353942931
0.974833593484014
0.9750046173115013
0.975174514349833
0.9753432920228507
0.975510957705484
0.9756775187240728
0.9758429823566878
0.9760073558334477
0.9761706463368358
0.976332861002014
0.9764940069171338
0.9766540911236468
0.9768131206166116
0.9769711023450004
0.9771280432120019
0.9772839500753232
0.9774388297474896
0.977592688996142
0.9777455345443328
0.9778973730708195
0.9780482112103568
0.9781980555539863
0.9783469126493247
0.9784947890008496
0.978641691070184
0.9787876252763784
0.9789325979961918
0.9790766155643695
0.9792196842739208
0.9793618103763932
0.9795030000821463
0.9796432595606225
0.9797825949406169
0.9799210123105453
0.9800585177187097
0.9801951171735631
0.980330816643972
0.9804656220594768
0.9805995393105513
0.9807325742488598
0.9808647326875133
0.9809960204013228
0.9811264431270522
0.9812560065636687
0.9813847163725921
0.9815125781779416
0.9816395975667821
0.9817657800893684
0.9818911312593872
0.9820156565541984
0.9821393614150745
0.982262251247438
0.9823843314210979
0.9825056072704843
0.9826260840948814
0.982745767158659
0.982864661691503
0.9829827728886431
0.9831001059110807
0.9832166658858135
0.9833324579060604
0.9834474870314837
0.9835617582884097
0.9836752766700494
0.9837880471367156
0.9839000746160403
0.9840113640031899
0.9841219201610788
0.9842317479205823
0.9843408520807476
0.9844492374090033
0.9845569086413677
0.9846638704826561
0.9847701276066861
0.9848756846564819
0.9849805462444771
0.9850847169527163
0.9851882013330554
0.9852910039073606
0.9853931291677054
0.9854945815765677
0.9855953655670242
0.9856954855429444
0.9857949458791829
0.9858937509217706
0.9859919049881045
0.9860894123671368
0.9861862773195615
0.9862825040780016
0.9863780968471929
0.9864730598041689
0.9865673970984422
0.9866611128521868
0.9867542111604177
0.9868466960911698
0.9869385716856758
0.9870298419585428
0.9871205108979277
0.9872105824657116
0.9873000605976725
0.9873889492036577
0.9874772521677546
0.9875649733484602
0.9876521165788497
0.9877386856667443
0.9878246843948775
0.98791011652106
0.9879949857783444
0.9880792958751882
0.9881630504956154
0.9882462532993781
0.9883289079221161
0.9884110179755159
0.9884925870474682
0.9885736187022252
0.9886541164805557
0.9887340838999005
0.9888135244545256
0.9888924416156752
0.9889708388317232
0.9890487195283237
0.9891260871085611
0.9892029449530986
0.9892792964203257
0.9893551448465057
0.9894304935459204
0.9895053458110157
0.9895797049125453
0.9896535740997136
0.9897269566003173
0.9897998556208872
0.9898722743468279
0.9899442159425565
0.9900156835516419
0.9900866802969415
0.9901572092807374
0.9902272735848727
0.9902968762708859
0.9903660203801443
0.9904347089339773
0.9905029449338083
0.9905707313612857
0.9906380711784135
0.9907049673276805
0.990771422732189
0.9908374402957824
0.9909030229031721
0.9909681734200637
0.9910328946932822
0.991097189550896
0.991161060802341
0.9912245112385433
0.9912875436320407
0.9913501607371045
0.9914123652898591
0.9914741600084023
0.9915355475929235
0.9915965307258222
0.9916571120718246
0.9917172942781006
0.9917770799743792
0.9918364717730634
0.9918954722693445
0.9919540840413152
0.9920123096500828
0.9920701516398804
0.9921276125381787
0.992184694855796
0.9922414010870081
0.9922977337096575
0.9923536951852612
0.9924092879591186
0.9924645144604184
0.9925193771023444
0.9925738782821812
0.9926280203814192
0.9926818057658578
0.9927352367857101
0.992788315775704
0.9928410450551858
0.9928934269282202
0.9929454636836921
0.9929971575954057
0.9930485109221846
0.9930995259079698
0.9931502047819184
0.9932005497585007
0.9932505630375968
0.9933002468045931
0.9933496032304773
0.9933986344719339
0.993447342671438
0.9934957299573489
0.9935437984440034
0.993591550231808
0.9936389874073305
0.9936861120433914
0.9937329261991545
0.993779431920217
0.9938256312386984
0.9938715261733297
0.9939171187295416
0.9939624108995518
0.9940074046624527
0.9940521019842972
0.9940965048181846
0.9941406151043467
0.994184434770232
0.9942279657305898
0.9942712098875542
0.9943141691307272
0.9943568453372611
0.9943992403719406
0.9944413560872642
0.9944831943235254
0.9945247569088927
0.99456604565949
0.9946070623794755
0.9946478088611208
0.9946882868848891
0.9947284982195129
0.9947684446220717
0.9948081278380684
0.9948475496015055
0.9948867116349611
0.9949256156496643
0.9949642633455695
0.9950026564114313
0.9950407965248775
0.9950786853524833
0.9951163245498434
0.9951537157616449
0.9951908606217386
0.9952277607532107
0.9952644177684541
0.9953008332692379
0.9953370088467783
0.9953729460818079
0.9954086465446443
0.9954441117952594
0.9954793433833469
0.9955143428483906
0.9955491117197314
0.9955836515166341
0.9956179637483539
0.9956520499142022
0.9956859115036123
0.9957195499962042
0.9957529668618496
0.9957861635607359
0.9958191415434301
0.9958519022509421
0.9958844471147877
0.9959167775570514
0.995948894990448
0.9959808008183848
0.9960124964350227
0.996043983225337
0.9960752625651786
0.9961063358213332
0.9961372043515817
0.996167869504759
0.9961983326208134
0.9962285950308648
0.9962586580572632
0.9962885230136463
0.9963181912049969
0.9963476639276998
0.9963769424695986
0.9964060281100522
0.9964349221199901
0.9964636257619685
0.9964921402902253
0.9965204669507346
0.9965486069812618
0.996576561611417
0.996604332062709
0.9966319195485991
0.9966593252745531
0.9966865504380952
0.9967135962288592
0.9967404638286415
0.9967671544114517
0.9967936691435649
0.996820009183572
0.9968461756824307
0.9968721697835154
0.9968979926226675
0.996923645328245
0.9969491290211715
0.9969744448149856
0.9969995938158893
0.9970245771227964
0.9970493958273804
0.9970740510141226
0.9970985437603589
0.9971228751363274
0.9971470462052148
0.9971710580232029
0.9971949116395153
0.9972186080964625
0.9972421484294874
0.9972655336672116
0.9972887648314791
0.9973118429374017
0.9973347689934032
0.9973575440012633
0.9973801689561614
0.9974026448467204
0.9974249726550494
0.997447153356787
0.997469187921144
0.9974910773109453
0.9975128224826724
0.9975344243865049
0.9975558839663622
0.9975772021599447
0.9975983798987749
0.9976194181082376
0.9976403177076212
0.9976610796101569
0.9976817047230595
0.9977021939475663
0.997722548178977
0.9977427683066925
0.997762855214254
0.9977828097793815
0.997802632874012
0.9978223253643379
0.9978418881108446
0.9978613219683483
0.9978806277860331
0.9978998064074885
0.9979188586707458
0.997937785408315
0.997956587447221
0.9979752656090402
0.9979938207099356
0.9980122535606932
0.9980305649667572
0.998048755728265
0.9980668266400822
0.9980847784918376
0.9981026120679576
0.9981203281477001
0.9981379275051893
0.9981554109094486
0.9981727791244351
0.9981900329090725
0.998207173017284
0.9982242001980262
0.9982411151953205
0.998257918748287
0.9982746115911755
0.9982911944533986
0.9983076680595632
0.9983240331295018
0.9983402903783045
0.9983564405163501
0.9983724842493369
0.9983884222783139
0.9984042552997111
0.9984199840053701
0.9984356090825743
0.9984511312140791
0.9984665510781413
0.9984818693485492
0.9984970866946519
0.9985122037813882
0.9985272212693163
0.998542139814642
0.9985569600692481
0.9985716826807222
0.9985863082923851
0.9986008375433195
0.9986152710683973
0.9986296094983075
0.9986438534595838
0.9986580035746323
0.9986720604617579
0.9986860247351922
0.9986998970051196
0.9987136778777047
0.9987273679551181
0.998740967835563
0.9987544781133015
0.9987678993786804
0.9987812322181567
0.998794477214324
0.9988076349459373
0.9988207059879383
0.9988336909114808
0.9988465902839556
0.9988594046690153
0.998872134626599
0.9988847807129562
0.9988973434806718
0.9989098234786903
0.998922221252339
0.9989345373433525
0.9989467722898963
0.99895892662659
0.9989710008845311
0.9989829955913178
0.9989949112710721
0.9990067484444632
0.9990185076287297
0.9990301893377022
0.999041794081826
0.9990533223681836
0.9990647747005162
0.9990761515792465
0.9990874535014997
0.9990986809611263
0.9991098344487226
0.9991209144516526
0.9991319214540697
0.9991428559369371
0.9991537183780492
0.9991645092520527
0.9991752290304667
0.9991858781817042
0.9991964571710917
0.99920696646089
0.9992174065103143
0.9992277777755543
0.9992380807097939
0.9992483157632316
0.9992584833830994
0.9992685840136829
0.9992786180963404
0.9992885860695225
0.9992984883687909
0.9993083254268377
0.9993180976735041
0.9993278055357995
0.9993374494379197
0.9993470298012659
0.9993565470444628
0.999366001583377
0.9993753938311352
0.9993847241981422
0.9993939930920988
0.9994032009180197
0.9994123480782513
0.9994214349724889
0.9994304619977946
0.9994394295486143
0.9994483380167953
0.9994571877916031
0.9994659792597385
0.9994747128053545
0.9994833888100731
0.9994920076530023
0.999500569710752
0.9995090753574508
0.9995175249647626
0.9995259189019025
0.9995342575356528
0.9995425412303797
0.9995507703480483
0.9995589452482392
0.9995670662881638
0.9995751338226802
0.9995831482043082
0.9995911097832453
0.9995990189073816
0.999606875922315
0.9996146811713668
0.9996224349955959
0.9996301377338145
0.9996377897226023
0.9996453912963216
0.9996529427871316
0.9996604445250032
0.9996678968377334
0.9996753000509591
0.9996826544881721
0.9996899604707328
0.9996972183178843
0.9997044283467663
0.9997115908724292
0.9997187062078475
0.9997257746639339
0.9997327965495524
0.9997397721715321
0.9997467018346807
0.9997535858417977
0.9997604244936874
0.9997672180891723
0.9997739669251063
0.9997806712963874
0.9997873314959704
0.9997939478148804
0.9998005205422247
0.9998070499652061
0.9998135363691351
0.9998199800374422
0.9998263812516909
0.9998327402915893
0.9998390574350029
0.9998453329579663
0.9998515671346956
0.9998577602376
0.9998639125372941
0.9998700243026096
0.999876095800607
0.999882127296587
0.9998881190541027
0.9998940713349707
0.9998999843992825
0.9999058585054162
0.9999116939100474
0.9999174908681606
0.9999232496330605
0.9999289704563825
0.9999346535881047
0.9999402992765578
0.9999459077684365
0.9999514793088101
0.9999570141411334
0.999962512507257
0.9999679746474381
0.9999734008003514
0.9999787912030983
0.9999841460912187
0.9999894656987004
0.9999947502579897
1.000000000000001
